entry_id,entrytag_123,entrytag_14,entrytag_14828,entrytag_18,entrytag_24,entrytag_38,entrytag_508,entrytag_510,entrytag_9,entrytag_905,region_africa,region_central_eurasia,region_east_asia,region_europe,region_north_america,region_oceania_australia,region_south_america,region_south_asia,region_southeast_asia,region_southwest_asia,year_from,year_to,Q_2265,Q_2300,Q_2322,Q_2347,Q_2841,Q_2862,Q_2876,Q_2890,Q_2919,Q_3144,Q_3145,Q_3153,Q_3166,Q_3169,Q_3420
174,0,0,0,1,0,0,0,0,0,0,0,0,0,0,0,0,0,0,0,1,50,160,0.0,,0.0,,1.0,0.0,1.0,1.0,,0.0,0.0,0.0,0.0,0.0,
190,0,1,0,0,0,0,0,0,0,0,0,0,0,0,0,0,0,1,0,0,1948,2015,,,1.0,1.0,,1.0,,1.0,1.0,0.0,0.0,0.0,1.0,0.0,1.0
200,0,1,0,0,0,0,0,0,0,0,0,0,0,0,0,0,0,1,0,0,1650,1850,1.0,1.0,,1.0,,1.0,,1.0,,,0.0,1.0,,1.0,
211,0,0,0,0,0,0,0,0,0,0,1,0,0,0,0,0,0,0,0,0,-1350,-1320,,1.0,1.0,1.0,1.0,,,,1.0,0.0,1.0,0.0,1.0,1.0,1.0
217,0,0,0,0,0,0,0,0,0,0,0,0,0,1,0,0,0,0,0,0,-202,-44,1.0,,1.0,,1.0,,0.0,1.0,0.0,,1.0,0.0,,0.0,
230,0,0,0,0,0,0,0,0,0,0,0,0,0,0,0,0,0,0,0,1,-3300,-539,1.0,1.0,1.0,0.0,1.0,0.0,,1.0,1.0,1.0,1.0,0.0,,,1.0
231,0,0,0,0,0,0,0,0,0,0,0,0,0,1,0,0,0,0,0,0,-600,-202,1.0,1.0,1.0,,1.0,0.0,0.0,1.0,0.0,,,,,0.0,1.0
263,0,0,0,0,0,0,0,0,0,0,0,0,0,1,0,0,0,0,0,0,2000,2015,1.0,1.0,,1.0,,0.0,0.0,1.0,1.0,,1.0,0.0,,0.0,0.0
284,0,0,0,0,0,0,0,0,0,0,0,0,0,0,0,1,0,0,0,0,-3500,2015,0.0,0.0,0.0,1.0,1.0,0.0,1.0,,0.0,,1.0,0.0,,,1.0
294,1,0,0,0,0,0,0,0,0,0,0,0,1,0,0,0,0,0,0,0,200,600,0.0,1.0,,,,0.0,0.0,,,0.0,0.0,0.0,,0.0,0.0
381,0,0,0,0,0,0,0,1,0,0,0,0,0,0,0,0,0,1,0,0,1469,1606,1.0,,0.0,,,,1.0,1.0,1.0,0.0,,0.0,1.0,0.0,1.0
383,0,0,0,0,0,0,0,1,0,0,0,0,0,0,0,0,0,1,0,0,1200,1700,,0.0,,1.0,,1.0,0.0,1.0,1.0,,1.0,,,1.0,
390,0,0,0,0,0,0,0,1,0,0,0,0,0,0,0,0,0,1,0,0,1610,2016,1.0,1.0,1.0,1.0,,,1.0,,,0.0,0.0,0.0,0.0,0.0,
392,0,0,0,0,0,0,0,1,0,0,0,0,0,0,0,0,0,1,0,0,1606,1708,,,0.0,1.0,0.0,,,1.0,1.0,0.0,1.0,0.0,1.0,0.0,
395,0,0,0,0,0,0,0,1,0,0,1,0,0,0,0,0,0,0,0,0,1966,2016,1.0,,1.0,1.0,,1.0,1.0,,1.0,0.0,0.0,0.0,1.0,0.0,1.0
400,0,0,0,1,0,0,0,0,0,0,0,0,0,0,0,0,0,0,1,0,1980,2015,1.0,,1.0,,1.0,0.0,1.0,1.0,1.0,0.0,0.0,0.0,0.0,1.0,1.0
415,0,0,0,0,0,0,0,1,0,0,0,0,0,0,0,0,0,1,0,0,1970,2015,,1.0,1.0,1.0,,1.0,,1.0,,0.0,1.0,,,0.0,
416,0,0,0,1,0,0,0,0,0,0,0,0,0,1,0,0,0,0,0,0,1800,1918,0.0,1.0,1.0,1.0,1.0,,,,,0.0,,,0.0,0.0,1.0
419,0,0,0,0,0,0,0,1,0,0,0,0,0,0,0,0,0,1,0,0,1970,2016,1.0,,,,0.0,,1.0,1.0,0.0,1.0,0.0,0.0,,0.0,1.0
420,0,0,0,0,0,0,0,1,0,0,1,0,0,0,0,0,0,0,0,0,1800,2017,1.0,0.0,1.0,1.0,,,1.0,1.0,1.0,0.0,0.0,,,0.0,
442,0,0,0,1,0,0,0,0,0,0,1,0,0,0,0,0,0,0,0,0,311,427,1.0,0.0,,1.0,1.0,0.0,1.0,,1.0,1.0,0.0,0.0,0.0,0.0,
455,0,1,0,0,0,0,0,0,0,0,0,0,0,0,0,0,0,0,1,0,1292,1558,1.0,,1.0,1.0,,,1.0,,,,,0.0,1.0,,
472,0,1,0,0,0,0,0,0,0,0,0,0,0,0,0,0,0,1,0,0,1110,2017,1.0,0.0,1.0,1.0,0.0,1.0,1.0,,1.0,1.0,1.0,0.0,0.0,0.0,
476,0,0,0,0,1,0,0,0,0,0,0,0,0,0,0,0,0,0,1,0,1000,2015,,1.0,1.0,1.0,,0.0,,1.0,1.0,0.0,,0.0,,1.0,1.0
478,0,1,0,0,0,0,0,0,0,0,0,0,0,0,0,0,0,1,0,0,-450,1,1.0,,1.0,,,1.0,1.0,1.0,0.0,,,0.0,0.0,0.0,
483,0,0,0,1,0,0,0,0,0,0,0,0,0,1,0,0,0,0,0,0,2015,2016,1.0,0.0,,1.0,,,1.0,1.0,1.0,0.0,0.0,0.0,,0.0,1.0
484,0,0,0,1,0,0,0,0,0,0,0,0,0,1,0,0,0,0,0,0,2015,2016,0.0,0.0,0.0,,1.0,0.0,1.0,,,,0.0,0.0,0.0,0.0,
486,0,0,0,1,0,0,0,0,0,0,0,0,0,0,1,0,0,0,0,0,1830,1951,,0.0,1.0,1.0,,,1.0,1.0,1.0,,0.0,0.0,0.0,0.0,0.0
492,0,0,0,0,0,0,0,0,0,0,0,0,0,1,0,0,0,0,0,0,-800,380,0.0,,0.0,,1.0,0.0,1.0,,,0.0,,0.0,0.0,,1.0
520,0,0,0,0,0,0,0,1,0,0,0,0,0,0,0,0,0,0,1,0,1600,2015,1.0,,1.0,1.0,0.0,,,1.0,,1.0,1.0,0.0,,1.0,1.0
525,0,0,0,1,0,0,0,0,0,0,1,0,0,0,0,0,0,0,0,0,1951,2018,,0.0,1.0,,1.0,0.0,,1.0,,0.0,0.0,0.0,0.0,,0.0
526,0,0,0,1,0,0,0,0,0,0,0,0,0,0,0,0,0,0,1,0,1900,2018,,,0.0,,1.0,0.0,0.0,1.0,1.0,0.0,1.0,0.0,1.0,0.0,1.0
534,0,0,0,0,0,0,0,0,0,0,0,0,0,1,0,0,0,0,0,0,-42,518,1.0,,,0.0,1.0,,1.0,,,1.0,1.0,0.0,1.0,1.0,1.0
563,0,0,0,0,0,0,0,1,0,0,0,0,0,0,0,0,0,1,0,0,1845,2018,,,0.0,1.0,0.0,1.0,1.0,1.0,1.0,,1.0,0.0,0.0,0.0,1.0
564,0,0,0,1,0,0,0,0,0,0,0,0,0,0,0,0,0,1,0,0,1950,2018,1.0,0.0,0.0,1.0,1.0,0.0,0.0,,1.0,0.0,0.0,0.0,1.0,0.0,
570,0,1,0,1,0,0,0,1,0,0,0,0,0,0,0,0,0,0,1,0,1986,2018,0.0,0.0,0.0,1.0,,1.0,0.0,1.0,1.0,,0.0,,0.0,0.0,
576,0,1,0,0,0,0,0,0,0,0,0,0,0,0,0,0,0,0,1,0,1000,2018,,,1.0,0.0,1.0,1.0,1.0,1.0,0.0,0.0,1.0,0.0,0.0,,1.0
586,0,1,0,0,0,0,0,0,0,0,0,0,0,0,0,0,0,0,1,0,1900,2017,1.0,,1.0,0.0,0.0,,1.0,,0.0,0.0,1.0,0.0,0.0,0.0,1.0
589,0,0,0,0,0,0,1,0,0,0,0,0,0,0,0,0,1,0,0,0,1915,1945,0.0,,0.0,,1.0,1.0,1.0,0.0,1.0,,,1.0,0.0,0.0,1.0
607,1,0,0,0,0,0,0,0,0,0,0,0,1,0,0,0,0,0,0,0,-400,-200,0.0,0.0,0.0,0.0,1.0,0.0,0.0,,,0.0,0.0,0.0,0.0,0.0,1.0
614,0,0,0,0,0,0,0,0,1,0,1,0,0,0,0,0,0,0,0,0,1925,1960,,,0.0,0.0,1.0,0.0,1.0,1.0,1.0,0.0,,0.0,0.0,,1.0
627,0,0,0,0,0,0,0,0,0,0,0,0,0,1,0,0,0,0,0,0,1905,1935,1.0,1.0,1.0,,1.0,0.0,1.0,0.0,,0.0,,,0.0,,1.0
629,0,1,0,0,0,0,0,1,0,0,0,0,0,0,0,0,0,1,0,0,1200,2018,1.0,,0.0,1.0,,1.0,1.0,1.0,0.0,0.0,0.0,,0.0,0.0,
635,0,0,0,0,0,0,0,0,0,0,0,0,0,0,0,0,0,0,1,0,1890,1920,,1.0,0.0,0.0,1.0,,1.0,,0.0,0.0,1.0,0.0,0.0,0.0,1.0
646,0,0,0,0,0,1,0,0,0,0,0,0,0,0,1,0,0,0,0,0,1889,2018,0.0,0.0,,1.0,1.0,1.0,,1.0,0.0,,,,1.0,0.0,1.0
649,0,0,0,0,0,0,0,1,0,0,0,0,0,0,0,0,0,1,0,0,700,2019,1.0,,1.0,,,,1.0,0.0,1.0,0.0,0.0,0.0,,0.0,
650,0,0,0,0,0,0,0,0,0,0,0,0,0,0,0,1,0,0,0,0,1918,1945,0.0,0.0,0.0,0.0,1.0,0.0,,1.0,,,1.0,,0.0,0.0,1.0
654,0,0,0,1,0,0,0,0,0,0,0,0,0,1,0,0,0,0,0,0,1198,1250,1.0,1.0,1.0,,1.0,0.0,1.0,1.0,,1.0,1.0,0.0,0.0,1.0,1.0
669,0,0,0,0,0,0,0,0,0,0,0,0,0,0,0,1,0,0,0,0,1900,1925,,,0.0,0.0,1.0,1.0,1.0,0.0,,0.0,1.0,0.0,,0.0,0.0
676,0,0,0,1,0,0,0,0,0,0,0,0,0,1,0,0,0,0,0,0,1198,1500,,,1.0,,,0.0,,,1.0,0.0,1.0,0.0,0.0,,1.0
679,0,0,0,0,0,0,0,1,0,0,0,0,0,0,0,0,0,1,0,0,1915,1940,0.0,,0.0,,0.0,1.0,1.0,1.0,1.0,1.0,1.0,,0.0,0.0,1.0
680,0,0,0,0,0,0,0,1,0,0,0,0,0,0,0,0,0,1,0,0,1850,2019,,,,1.0,0.0,1.0,0.0,1.0,,0.0,,0.0,0.0,0.0,
688,0,0,0,0,1,0,0,1,0,0,0,0,0,0,0,0,0,1,0,0,1866,2019,0.0,,,1.0,1.0,0.0,,1.0,1.0,0.0,1.0,0.0,0.0,,0.0
690,0,0,0,0,1,0,0,1,0,0,0,0,0,0,0,0,0,1,0,0,1880,2019,1.0,0.0,,,1.0,0.0,1.0,1.0,1.0,1.0,,,,0.0,0.0
714,0,0,0,0,0,0,0,1,0,0,0,0,0,0,0,0,0,1,0,0,550,850,1.0,,1.0,1.0,0.0,1.0,,1.0,1.0,0.0,,0.0,,0.0,1.0
719,0,0,0,0,0,0,0,1,0,0,0,0,0,0,1,0,0,0,0,0,1845,2018,1.0,,,,,,1.0,0.0,1.0,,0.0,,0.0,0.0,0.0
738,0,0,0,0,0,0,0,0,1,0,1,0,0,0,0,0,0,0,0,0,-3000,300,1.0,1.0,1.0,1.0,1.0,0.0,1.0,1.0,1.0,,1.0,0.0,1.0,,1.0
749,0,0,0,0,0,0,0,0,0,0,0,0,1,0,0,0,0,0,0,0,1800,2020,0.0,0.0,0.0,,1.0,1.0,0.0,,,0.0,0.0,0.0,0.0,0.0,1.0
755,0,0,0,0,1,0,0,0,0,0,0,1,0,0,0,0,0,0,0,0,1850,2020,1.0,,1.0,1.0,1.0,0.0,,0.0,1.0,0.0,1.0,0.0,1.0,0.0,1.0
770,0,1,0,0,0,0,0,0,0,0,0,0,0,0,0,0,0,0,1,0,1920,2020,1.0,0.0,0.0,1.0,,0.0,1.0,0.0,0.0,0.0,0.0,,0.0,,0.0
775,0,0,0,0,0,0,0,0,0,0,0,0,0,0,0,0,0,1,0,0,-600,2020,1.0,,1.0,,0.0,1.0,1.0,1.0,0.0,,0.0,,1.0,1.0,1.0
812,0,0,0,0,0,0,0,0,0,0,1,0,0,0,0,0,0,0,0,0,2007,2020,0.0,0.0,0.0,1.0,,,0.0,,1.0,0.0,0.0,0.0,,,
841,0,1,0,0,0,0,0,0,0,0,0,0,0,0,0,0,0,1,0,0,1073,2020,1.0,,1.0,1.0,1.0,1.0,1.0,1.0,0.0,0.0,,,,1.0,1.0
842,0,0,0,1,0,0,0,0,0,0,0,0,0,0,1,0,0,0,0,0,1730,2020,0.0,0.0,0.0,1.0,,0.0,0.0,1.0,1.0,,0.0,0.0,0.0,0.0,0.0
848,0,0,0,0,0,0,0,0,0,0,0,0,0,0,0,0,0,0,0,1,-200,70,,1.0,,1.0,,,,0.0,1.0,1.0,0.0,0.0,0.0,,0.0
849,0,0,0,0,0,1,0,0,0,0,0,0,0,0,1,0,0,0,0,0,1750,1850,0.0,0.0,0.0,,0.0,,0.0,1.0,1.0,0.0,0.0,0.0,0.0,,1.0
851,0,0,0,0,0,0,0,0,0,0,0,0,0,0,1,0,0,0,0,0,1899,2020,1.0,,0.0,1.0,0.0,,,1.0,1.0,1.0,1.0,0.0,1.0,1.0,1.0
852,0,0,0,0,0,0,0,0,0,0,0,0,0,1,0,0,0,0,0,0,-500,900,1.0,,1.0,1.0,1.0,1.0,,1.0,,1.0,1.0,0.0,,0.0,
854,0,0,0,0,0,0,0,0,0,0,0,0,0,1,0,0,0,0,0,0,-400,900,1.0,1.0,1.0,1.0,1.0,1.0,0.0,1.0,,1.0,1.0,0.0,,0.0,1.0
855,0,0,0,0,1,0,0,0,0,0,0,0,0,0,0,0,0,0,0,1,1900,2020,1.0,1.0,0.0,1.0,1.0,,1.0,,,0.0,,0.0,0.0,0.0,
857,0,0,0,0,0,0,0,0,0,0,1,0,0,0,0,0,0,0,0,0,1738,2020,0.0,,0.0,,1.0,0.0,0.0,1.0,1.0,0.0,0.0,0.0,0.0,,1.0
860,0,0,0,0,0,0,0,0,1,0,1,0,0,0,0,0,0,0,0,0,1704,2020,,,0.0,0.0,1.0,1.0,0.0,,1.0,0.0,,0.0,,0.0,0.0
862,0,0,0,0,0,0,0,0,0,0,0,0,0,0,0,0,0,1,0,0,1907,2020,1.0,0.0,1.0,1.0,0.0,1.0,,0.0,1.0,,0.0,,,0.0,
871,0,0,0,0,0,0,0,0,0,0,0,0,0,0,1,0,0,0,0,0,1848,2020,0.0,0.0,0.0,0.0,,0.0,0.0,0.0,1.0,,0.0,0.0,0.0,,0.0
873,0,0,0,1,0,0,0,0,0,0,0,0,0,0,1,0,0,0,0,0,1962,1993,0.0,0.0,,,1.0,0.0,,1.0,,,,0.0,,1.0,1.0
877,0,1,0,0,0,0,0,0,0,0,0,0,0,0,0,0,0,0,1,0,1989,2022,1.0,,1.0,1.0,1.0,,1.0,0.0,,,0.0,0.0,0.0,1.0,0.0
879,0,0,0,1,0,0,0,0,0,0,1,0,0,0,0,0,0,0,0,0,1860,2020,,0.0,,1.0,1.0,0.0,0.0,1.0,,0.0,0.0,0.0,0.0,,1.0
882,0,0,0,0,0,0,0,0,0,0,0,0,0,1,0,0,0,0,0,0,-450,425,,0.0,,1.0,1.0,1.0,1.0,0.0,,0.0,,,0.0,0.0,0.0
884,0,0,0,0,0,0,0,0,1,0,1,0,0,0,0,0,0,0,0,0,1907,2022,0.0,1.0,0.0,1.0,1.0,0.0,0.0,1.0,1.0,,1.0,1.0,0.0,0.0,1.0
886,0,0,0,0,0,0,0,0,0,0,0,0,0,1,0,0,0,0,0,0,1990,2020,0.0,0.0,0.0,1.0,1.0,,1.0,1.0,1.0,0.0,1.0,0.0,0.0,0.0,1.0
887,0,0,0,0,0,0,0,0,0,0,0,1,0,0,0,0,0,0,0,0,1990,2020,0.0,0.0,1.0,,1.0,1.0,1.0,1.0,1.0,0.0,1.0,,0.0,0.0,1.0
891,0,0,0,1,0,0,0,0,0,0,0,0,0,0,0,0,1,0,0,0,1956,2020,1.0,,1.0,1.0,1.0,,,1.0,1.0,,1.0,,,1.0,
892,0,0,0,1,0,0,0,0,0,0,0,0,0,0,1,0,0,0,0,0,1960,2020,0.0,0.0,,,1.0,0.0,0.0,1.0,,0.0,,0.0,,,1.0
894,0,0,0,1,0,0,0,0,0,0,0,0,0,0,1,0,0,0,0,0,1968,2020,,1.0,0.0,1.0,,,0.0,1.0,,0.0,0.0,0.0,0.0,,
899,0,0,0,0,1,0,0,0,0,0,0,0,0,0,0,0,0,0,1,0,1926,2020,1.0,1.0,,1.0,,0.0,1.0,1.0,1.0,,1.0,1.0,0.0,0.0,1.0
914,0,0,0,0,1,0,0,0,0,0,1,0,0,0,0,0,0,0,0,0,1258,2020,0.0,1.0,1.0,1.0,1.0,0.0,1.0,,,0.0,0.0,,0.0,0.0,1.0
915,0,0,0,1,0,0,0,0,0,0,0,0,0,0,1,0,0,0,0,0,2000,2020,0.0,0.0,0.0,1.0,1.0,0.0,0.0,,1.0,,1.0,,,0.0,0.0
919,0,0,0,1,0,0,0,0,0,1,0,0,0,1,0,0,0,0,0,0,1995,2020,,1.0,1.0,1.0,,0.0,,,1.0,0.0,,,,,
921,0,0,0,0,0,0,0,1,0,0,0,0,0,0,0,0,0,1,0,0,1700,2020,0.0,1.0,0.0,1.0,1.0,0.0,,1.0,,0.0,1.0,,1.0,0.0,1.0
925,0,0,0,0,0,0,0,0,0,0,0,0,0,0,0,0,0,0,0,1,220,650,0.0,,,1.0,1.0,0.0,,1.0,1.0,,,0.0,,,1.0
928,0,0,0,0,0,1,0,0,0,0,0,0,0,0,1,0,0,0,0,0,1860,1910,0.0,0.0,0.0,,1.0,,0.0,1.0,,0.0,0.0,,0.0,,1.0
931,0,0,0,1,0,0,0,0,0,0,0,0,0,1,0,0,0,0,0,0,1580,2020,,,1.0,1.0,,0.0,,,1.0,,1.0,,0.0,0.0,
933,0,0,0,1,0,0,0,0,0,0,0,0,0,1,0,0,0,0,0,0,144,1000,0.0,0.0,0.0,,,,0.0,,1.0,0.0,0.0,0.0,0.0,0.0,
935,0,0,0,0,0,0,0,0,1,0,1,0,0,0,0,0,0,0,0,0,1910,2020,1.0,0.0,0.0,,,,0.0,1.0,1.0,,0.0,0.0,,,
937,0,0,0,0,0,0,0,0,0,0,0,0,0,1,0,0,0,0,0,0,-800,394,,1.0,0.0,1.0,1.0,0.0,1.0,1.0,,,1.0,0.0,0.0,0.0,
938,0,0,0,0,0,0,0,0,0,0,0,0,0,0,0,0,0,0,0,1,-1600,-1185,1.0,1.0,0.0,0.0,1.0,,1.0,0.0,1.0,0.0,,1.0,,1.0,1.0
942,0,0,0,1,0,0,0,0,0,0,1,0,0,0,0,0,0,0,0,0,1816,2020,0.0,0.0,0.0,1.0,1.0,0.0,0.0,,1.0,0.0,,0.0,0.0,1.0,1.0
943,0,0,0,1,0,1,0,0,0,0,0,0,0,0,1,0,0,0,0,0,1752,2020,1.0,1.0,1.0,1.0,1.0,,,1.0,1.0,0.0,,,,1.0,
944,0,0,0,0,0,0,0,0,0,0,0,0,0,1,0,0,0,0,0,0,1620,1700,1.0,1.0,1.0,1.0,,0.0,,1.0,,0.0,,0.0,1.0,0.0,1.0
946,0,1,0,0,0,0,0,0,0,0,0,0,0,0,0,0,0,1,0,0,700,1959,,,1.0,,,1.0,1.0,1.0,0.0,,1.0,,,1.0,1.0
949,0,0,0,0,0,0,0,0,0,0,0,0,0,0,1,0,0,0,0,0,1963,2020,0.0,,0.0,0.0,,1.0,0.0,0.0,,0.0,0.0,0.0,0.0,0.0,
950,0,0,0,1,0,0,0,0,0,0,1,0,0,0,0,0,0,0,0,0,1652,2020,,0.0,0.0,,1.0,0.0,,1.0,1.0,0.0,0.0,0.0,,,
952,0,0,0,0,0,0,0,0,1,0,0,0,0,0,0,0,0,0,0,1,1980,2020,1.0,1.0,,1.0,,0.0,1.0,1.0,0.0,0.0,0.0,0.0,,,0.0
953,0,0,0,0,0,0,0,0,0,0,0,0,0,0,0,0,0,1,0,0,1975,2020,0.0,,0.0,1.0,,0.0,0.0,,,,0.0,0.0,,,1.0
958,0,0,0,0,0,0,0,0,0,0,0,0,0,1,0,0,0,0,0,0,1540,1773,1.0,,,1.0,1.0,,,1.0,1.0,1.0,,,0.0,0.0,1.0
961,0,0,0,0,0,0,0,0,0,0,0,0,0,1,0,0,0,0,0,0,1885,2020,1.0,1.0,1.0,1.0,,,,,,0.0,1.0,,,0.0,1.0
962,0,1,0,0,0,0,0,0,0,0,0,0,1,0,0,0,0,0,0,0,1400,2000,,,,1.0,,1.0,1.0,0.0,0.0,1.0,1.0,1.0,1.0,1.0,1.0
963,0,0,0,1,0,0,0,0,0,1,0,0,0,1,0,0,0,0,0,0,1119,1312,1.0,1.0,1.0,1.0,,0.0,1.0,,1.0,0.0,,0.0,0.0,0.0,1.0
964,0,0,0,0,0,0,0,1,0,0,0,0,0,0,0,0,0,1,0,0,1800,2020,1.0,,1.0,,,1.0,,0.0,1.0,0.0,1.0,0.0,,1.0,0.0
968,0,0,0,1,0,0,0,0,0,1,0,0,0,0,1,0,0,0,0,0,1683,2021,0.0,0.0,0.0,1.0,1.0,0.0,0.0,,1.0,0.0,1.0,0.0,,,1.0
970,0,0,0,0,0,0,0,0,0,0,0,0,0,1,0,0,0,0,0,0,-323,500,,,1.0,1.0,,0.0,1.0,1.0,1.0,0.0,0.0,1.0,1.0,0.0,
971,0,0,0,0,0,0,0,1,0,0,0,0,0,0,0,0,0,1,0,0,500,2020,1.0,1.0,1.0,1.0,,,0.0,1.0,1.0,0.0,0.0,0.0,,0.0,
973,0,0,0,0,0,0,0,0,0,0,0,0,0,0,0,0,0,1,0,0,1845,2019,0.0,1.0,1.0,,1.0,0.0,1.0,1.0,,1.0,1.0,,1.0,,1.0
974,0,0,0,1,0,0,0,0,0,1,0,0,0,0,0,0,0,0,0,1,1204,1261,,1.0,,,1.0,0.0,1.0,1.0,1.0,1.0,1.0,0.0,,0.0,1.0
975,0,0,0,0,0,0,0,0,0,0,0,0,0,0,1,0,0,0,0,0,1980,2020,0.0,0.0,,,1.0,0.0,0.0,,,0.0,0.0,,,0.0,1.0
976,0,0,0,0,0,0,0,0,0,0,0,0,0,0,0,0,0,1,0,0,1187,2019,0.0,1.0,0.0,1.0,1.0,1.0,1.0,1.0,1.0,,1.0,,,0.0,1.0
977,0,0,0,0,1,0,0,1,0,0,0,0,0,0,0,0,0,1,0,0,1200,2020,1.0,0.0,0.0,,,0.0,1.0,,1.0,0.0,1.0,,,0.0,1.0
978,0,0,0,1,0,0,0,0,0,0,0,0,0,0,0,0,0,0,1,0,1500,2020,,1.0,1.0,,1.0,0.0,1.0,,1.0,0.0,1.0,0.0,,0.0,0.0
981,0,0,0,0,1,0,0,0,0,0,0,0,0,0,1,0,0,0,0,0,1930,2020,,,0.0,1.0,1.0,0.0,,0.0,1.0,,1.0,1.0,0.0,0.0,0.0
983,0,1,0,0,0,0,0,0,0,0,0,0,0,0,0,0,0,1,0,0,600,2020,1.0,,,,1.0,,1.0,1.0,,1.0,1.0,,,1.0,
984,0,0,0,1,0,0,0,0,0,0,0,0,0,1,0,0,0,0,0,0,1520,1565,,1.0,0.0,,1.0,0.0,,1.0,,1.0,0.0,,0.0,0.0,1.0
985,0,0,0,1,0,0,0,0,0,0,0,0,0,1,0,0,0,0,0,0,1108,1299,,1.0,1.0,1.0,1.0,,,0.0,,0.0,1.0,0.0,1.0,,1.0
986,0,0,0,0,0,0,0,0,0,0,0,0,0,1,0,0,0,0,0,0,150,529,,0.0,0.0,,,,,0.0,1.0,0.0,0.0,0.0,0.0,,0.0
987,0,0,0,0,0,0,0,0,0,0,0,0,0,0,0,0,0,1,0,0,1600,2020,,1.0,,,0.0,0.0,1.0,1.0,1.0,1.0,0.0,,,0.0,1.0
988,0,0,0,1,0,0,0,0,0,0,0,0,0,0,1,0,0,0,0,0,1832,2020,0.0,0.0,,1.0,1.0,0.0,0.0,,1.0,0.0,0.0,,0.0,,
989,0,0,0,0,0,0,0,0,0,0,0,0,0,1,0,0,0,0,0,0,1928,2020,,0.0,1.0,,1.0,0.0,1.0,,,,0.0,,0.0,0.0,
993,0,0,0,0,0,0,0,0,0,0,0,0,0,1,0,0,0,0,0,0,-712,380,1.0,1.0,,1.0,,0.0,,1.0,1.0,,0.0,1.0,0.0,0.0,1.0
995,0,0,0,0,0,0,0,1,0,0,0,0,0,0,0,0,0,1,0,0,1841,2020,1.0,,,1.0,0.0,1.0,,1.0,,,1.0,0.0,,0.0,0.0
997,0,0,0,0,0,0,0,0,1,0,1,0,0,0,0,0,0,0,0,0,-2950,-2670,1.0,,1.0,0.0,1.0,,1.0,1.0,0.0,0.0,,0.0,1.0,1.0,1.0
1006,0,0,0,0,0,0,0,0,1,0,1,0,0,0,0,0,0,0,0,0,-2670,-2168,1.0,,,,,0.0,1.0,,0.0,0.0,1.0,0.0,1.0,1.0,1.0
1008,0,0,0,0,0,0,0,0,1,0,1,0,0,0,0,0,0,0,0,0,-2168,-2010,,1.0,1.0,1.0,1.0,0.0,1.0,1.0,0.0,0.0,1.0,0.0,1.0,1.0,1.0
1013,0,0,0,1,1,0,0,1,0,0,0,0,0,0,0,0,0,1,0,0,1510,1640,,,0.0,1.0,0.0,0.0,0.0,1.0,1.0,,,0.0,0.0,0.0,1.0
1037,0,0,0,0,0,0,0,0,1,0,1,0,0,0,0,0,0,0,0,0,-1100,-650,1.0,1.0,1.0,1.0,,0.0,,,1.0,0.0,1.0,0.0,1.0,1.0,1.0
1038,1,0,0,0,0,0,0,0,0,0,0,0,1,0,0,0,0,0,0,0,1644,1911,1.0,0.0,,1.0,1.0,0.0,1.0,1.0,1.0,0.0,,0.0,0.0,1.0,1.0
1041,0,0,0,1,0,0,0,0,0,1,0,0,1,0,0,0,0,0,0,0,1600,2021,,0.0,1.0,1.0,,0.0,,,1.0,1.0,1.0,,,1.0,1.0
1069,0,0,0,0,0,0,0,0,0,0,1,0,0,0,0,0,0,0,0,0,-1504,-1069,1.0,1.0,,1.0,1.0,0.0,,1.0,1.0,1.0,1.0,1.0,1.0,1.0,1.0
1071,0,0,0,0,0,0,0,0,0,0,1,0,0,0,0,0,0,0,0,0,2001,2021,,0.0,1.0,0.0,1.0,,1.0,,,,,0.0,,,1.0
1076,0,0,0,1,0,0,0,0,0,0,0,0,0,0,0,0,0,1,0,0,1560,1773,,,1.0,1.0,1.0,0.0,,1.0,1.0,,1.0,1.0,0.0,0.0,1.0
1083,0,1,0,0,0,0,0,0,0,0,0,0,0,0,0,0,0,1,0,0,1625,2021,,,1.0,1.0,1.0,,,1.0,0.0,,1.0,,1.0,0.0,
1087,0,0,0,1,0,0,0,0,0,0,0,0,0,1,0,0,0,0,0,0,969,1400,0.0,1.0,0.0,1.0,1.0,,0.0,,1.0,,1.0,,0.0,,1.0
1125,0,0,0,0,0,0,0,0,1,0,1,0,0,0,0,0,0,0,0,0,-1292,-1070,1.0,,1.0,,1.0,0.0,,1.0,1.0,1.0,1.0,1.0,1.0,1.0,1.0
1127,0,0,0,0,0,0,0,0,0,1,0,0,1,0,0,0,0,0,0,0,1890,2021,1.0,0.0,,1.0,,,0.0,1.0,,0.0,0.0,0.0,,,1.0
1134,1,0,0,0,0,0,0,0,0,0,0,0,1,0,0,0,0,0,0,0,538,2022,1.0,1.0,,1.0,,1.0,,0.0,1.0,0.0,0.0,0.0,0.0,0.0,0.0
1136,1,1,0,0,0,0,0,0,0,0,0,0,1,0,0,0,0,0,0,0,1910,1951,0.0,1.0,,1.0,0.0,0.0,0.0,1.0,0.0,,,0.0,0.0,,
1140,1,0,0,0,0,0,0,0,0,0,0,0,1,0,0,0,0,0,0,0,220,589,,1.0,1.0,1.0,1.0,,1.0,1.0,1.0,0.0,1.0,0.0,0.0,0.0,1.0
1154,1,0,0,0,0,0,0,0,0,0,0,0,1,0,0,0,0,0,0,0,1500,1950,0.0,,0.0,0.0,,,,,,,,0.0,0.0,,1.0
1178,0,0,0,0,0,0,0,0,0,0,0,0,0,0,0,0,1,0,0,0,1997,2021,0.0,0.0,,1.0,,1.0,,1.0,,,0.0,,0.0,0.0,1.0
1180,0,0,0,0,0,0,0,1,0,0,0,0,0,0,0,0,0,0,1,0,1600,2020,,,1.0,1.0,1.0,1.0,,1.0,,,1.0,0.0,1.0,1.0,
1192,0,0,0,0,0,0,0,0,0,0,0,0,0,0,0,0,0,0,1,0,1945,2021,1.0,,1.0,,1.0,,,1.0,1.0,1.0,1.0,0.0,,1.0,
1229,1,0,0,1,0,0,0,0,0,0,0,1,0,0,0,0,0,0,0,0,1950,2021,1.0,,,,,,0.0,1.0,1.0,0.0,0.0,0.0,0.0,0.0,1.0
1248,0,0,0,0,0,0,0,0,0,0,0,0,0,0,0,0,0,0,0,1,-1972,-1718,1.0,1.0,,0.0,,0.0,1.0,,1.0,1.0,1.0,0.0,0.0,0.0,1.0
1259,0,0,0,0,0,0,0,0,0,0,0,1,0,0,0,0,0,0,0,0,1200,1900,,,,1.0,,1.0,,,1.0,0.0,0.0,0.0,,,
1293,0,0,0,0,0,0,0,0,0,0,0,0,0,0,1,0,0,0,0,0,-2000,2022,1.0,1.0,1.0,1.0,1.0,0.0,1.0,,1.0,,1.0,,0.0,,1.0
1304,0,0,0,0,0,1,0,0,0,0,0,0,0,0,1,0,0,0,0,0,1875,2022,0.0,0.0,,1.0,0.0,0.0,0.0,,1.0,0.0,,0.0,0.0,0.0,
1307,0,0,0,1,0,0,0,0,0,0,0,0,0,0,1,0,0,0,0,0,1845,2022,,0.0,,1.0,1.0,0.0,0.0,1.0,1.0,,0.0,0.0,,,1.0
1311,0,0,0,0,0,0,0,0,0,0,0,0,0,0,1,0,0,0,0,0,1870,2022,,0.0,0.0,1.0,1.0,0.0,,1.0,1.0,1.0,,,,,1.0
1319,0,0,0,0,0,0,0,0,0,0,0,0,0,0,1,0,0,0,0,0,1968,2022,1.0,0.0,1.0,1.0,0.0,,0.0,,0.0,0.0,1.0,0.0,0.0,0.0,0.0
1321,0,0,0,0,0,0,0,0,0,0,1,0,0,0,0,0,0,0,0,0,1853,2022,,0.0,,1.0,1.0,0.0,1.0,1.0,1.0,1.0,1.0,,,1.0,
1322,0,0,0,0,0,0,0,0,0,0,0,0,0,1,0,0,0,0,0,0,361,363,,,1.0,0.0,1.0,1.0,0.0,1.0,1.0,0.0,,,,0.0,
1334,0,0,0,0,0,0,0,0,0,0,0,0,0,0,1,0,0,0,0,0,1980,2022,0.0,0.0,0.0,,,,,1.0,1.0,,0.0,0.0,,,1.0
1335,0,0,0,0,0,0,0,0,0,0,0,0,0,1,0,0,0,0,0,0,1575,1700,,0.0,0.0,,1.0,0.0,,,1.0,0.0,0.0,0.0,0.0,0.0,0.0
1340,0,0,0,0,0,0,0,0,0,0,0,0,0,1,0,0,0,0,0,0,1957,2023,0.0,,0.0,1.0,1.0,,1.0,0.0,1.0,0.0,,,0.0,0.0,0.0
1341,0,0,0,0,1,0,0,0,0,0,0,0,0,0,1,0,0,0,0,0,1960,2022,,0.0,0.0,1.0,1.0,0.0,1.0,,1.0,0.0,,0.0,,,1.0
1344,0,1,0,0,0,0,0,0,0,0,0,0,1,0,0,0,0,0,0,0,1840,1920,,1.0,,1.0,,1.0,1.0,1.0,0.0,,0.0,0.0,0.0,,
1348,0,0,0,1,0,0,0,0,0,1,0,0,0,0,0,0,0,0,0,1,2012,2022,,0.0,0.0,,1.0,,0.0,,1.0,0.0,,0.0,,0.0,1.0
1352,0,0,0,0,0,0,0,0,0,0,0,0,0,0,0,0,0,1,0,0,2,21,1.0,0.0,,1.0,,1.0,1.0,,1.0,0.0,0.0,0.0,,0.0,
1371,0,0,0,0,1,0,0,0,0,1,0,0,0,0,0,0,0,0,0,1,1979,2022,1.0,1.0,,1.0,,,1.0,,1.0,,0.0,0.0,0.0,,1.0
1374,0,0,0,1,0,0,0,0,0,1,0,0,0,1,0,0,0,0,0,0,1560,1620,1.0,1.0,1.0,1.0,1.0,0.0,0.0,1.0,1.0,0.0,1.0,,0.0,0.0,1.0
1386,1,0,0,0,0,0,0,0,0,0,0,0,1,0,0,0,0,0,0,0,1807,1950,1.0,0.0,1.0,1.0,,1.0,,1.0,0.0,0.0,0.0,0.0,,0.0,
1396,0,0,0,0,0,0,0,0,1,0,1,0,0,0,0,0,0,0,0,0,-304,-30,1.0,,,1.0,,0.0,1.0,,,,,0.0,1.0,1.0,
1412,0,0,0,0,0,0,0,0,0,0,0,1,0,0,0,0,0,0,0,0,1838,2022,,0.0,0.0,1.0,1.0,1.0,0.0,,,,0.0,0.0,0.0,0.0,
1415,0,0,0,1,0,0,0,0,0,0,0,0,0,1,0,0,0,0,0,0,350,398,1.0,1.0,,,,0.0,0.0,0.0,1.0,0.0,,0.0,0.0,1.0,
1419,0,0,0,0,0,0,0,0,1,0,1,0,0,0,0,0,0,0,0,0,-1550,-1425,,,1.0,,1.0,,,1.0,1.0,0.0,1.0,,1.0,1.0,1.0
1441,0,0,0,0,0,0,0,0,0,0,0,0,0,0,1,0,0,0,0,0,1325,1521,1.0,1.0,,1.0,1.0,0.0,1.0,1.0,0.0,1.0,,0.0,1.0,1.0,1.0
1522,0,0,1,0,1,0,0,0,0,0,1,0,0,0,0,0,0,0,0,0,1781,2022,1.0,1.0,1.0,,,0.0,,1.0,1.0,0.0,0.0,,0.0,0.0,1.0
1544,0,0,0,1,0,0,0,0,0,0,0,0,0,1,0,0,0,0,0,0,1596,2022,1.0,1.0,1.0,1.0,1.0,0.0,1.0,1.0,,1.0,1.0,0.0,,0.0,1.0
1555,0,0,1,0,1,0,0,0,0,0,0,0,0,0,0,0,0,0,0,1,1970,2022,0.0,,0.0,,,0.0,,1.0,,0.0,0.0,1.0,0.0,1.0,1.0
1607,0,0,0,0,1,0,0,0,0,0,0,0,0,0,0,0,0,0,0,1,897,1700,1.0,1.0,1.0,1.0,1.0,0.0,,1.0,1.0,1.0,1.0,,,1.0,1.0
1627,1,1,0,0,0,0,0,0,0,0,0,0,0,0,1,0,0,0,0,0,1978,2023,1.0,1.0,1.0,,0.0,1.0,,0.0,0.0,0.0,1.0,,0.0,0.0,
1654,0,0,1,0,1,0,0,0,0,0,1,0,0,0,0,0,0,0,0,0,1981,2023,0.0,,0.0,0.0,1.0,,1.0,,,0.0,0.0,,0.0,,1.0
1677,0,0,0,0,0,0,0,0,0,0,0,0,0,0,0,0,0,0,0,1,-1650,-1180,,1.0,1.0,0.0,1.0,,1.0,,1.0,0.0,1.0,0.0,0.0,0.0,1.0
1689,0,0,0,0,1,0,0,0,0,1,0,0,0,0,0,0,0,0,0,1,1516,1919,1.0,0.0,,1.0,1.0,0.0,1.0,,1.0,1.0,1.0,0.0,,1.0,1.0
1701,0,0,0,0,0,0,0,0,0,0,0,0,0,1,0,0,0,0,0,0,1120,2023,,1.0,1.0,1.0,1.0,0.0,1.0,1.0,1.0,0.0,,0.0,0.0,0.0,
1708,0,0,0,0,1,0,0,0,0,0,0,0,0,0,0,0,0,0,0,1,708,2023,1.0,0.0,0.0,,0.0,0.0,1.0,1.0,1.0,,,,0.0,,1.0
1737,0,0,0,0,1,0,0,0,0,1,0,0,0,0,0,0,0,0,0,1,661,2023,1.0,1.0,1.0,1.0,,0.0,1.0,1.0,1.0,,0.0,,0.0,0.0,1.0
1741,0,0,0,0,0,0,0,0,0,0,1,0,0,0,0,0,0,0,0,0,1891,2023,,1.0,1.0,,1.0,,1.0,1.0,1.0,0.0,1.0,0.0,0.0,1.0,
1759,0,0,0,0,1,0,0,0,0,1,1,0,0,0,0,0,0,0,0,0,1195,2023,,1.0,1.0,1.0,,0.0,1.0,,1.0,,,0.0,0.0,,1.0
1774,0,0,0,0,0,0,0,0,0,0,1,0,0,0,0,0,0,0,0,0,1557,1864,1.0,0.0,,,0.0,,,1.0,1.0,0.0,,0.0,0.0,0.0,1.0
1776,0,0,0,0,0,0,0,0,0,0,1,0,0,0,0,0,0,0,0,0,1881,1939,1.0,1.0,,1.0,1.0,0.0,0.0,1.0,1.0,0.0,,,0.0,0.0,1.0
1777,0,0,0,0,1,0,0,0,0,0,1,0,0,0,0,0,0,0,0,0,1881,1939,1.0,1.0,1.0,1.0,0.0,0.0,,,1.0,,1.0,0.0,0.0,1.0,
1779,0,0,0,0,1,0,0,0,0,0,1,0,0,0,0,0,0,0,0,0,1956,2023,1.0,1.0,1.0,1.0,1.0,0.0,1.0,1.0,1.0,1.0,1.0,0.0,,0.0,1.0
1780,0,0,0,0,0,0,0,0,0,0,1,0,0,0,0,0,0,0,0,0,1881,1939,1.0,0.0,1.0,1.0,1.0,,0.0,1.0,1.0,,1.0,0.0,0.0,1.0,
1781,0,0,0,0,0,0,0,0,0,0,1,0,0,0,0,0,0,0,0,0,1969,2023,,0.0,,,,0.0,0.0,,,0.0,0.0,0.0,,,
1791,0,0,0,0,1,0,0,0,0,1,0,0,0,0,0,0,0,0,0,1,1100,1200,0.0,,,,0.0,0.0,1.0,1.0,1.0,0.0,,0.0,0.0,,1.0
1806,0,0,0,0,0,0,0,0,0,0,1,0,0,0,0,0,0,0,0,0,1800,1900,1.0,,1.0,,1.0,1.0,1.0,1.0,0.0,,1.0,1.0,1.0,1.0,
1820,0,0,0,0,0,0,0,0,0,0,1,0,0,0,0,0,0,0,0,0,1980,2019,0.0,0.0,0.0,1.0,0.0,0.0,,,1.0,0.0,0.0,0.0,0.0,,1.0
1829,0,0,0,0,0,0,0,0,0,0,1,0,0,0,0,0,0,0,0,0,1986,2019,1.0,,,1.0,,,0.0,1.0,1.0,0.0,0.0,0.0,1.0,0.0,1.0
1835,0,0,0,0,0,0,0,0,0,0,1,0,0,0,0,0,0,0,0,0,1948,2023,1.0,0.0,,1.0,1.0,0.0,0.0,1.0,1.0,1.0,0.0,1.0,,,1.0
1869,0,0,0,0,0,0,0,0,1,0,1,0,0,0,0,0,0,0,0,0,1930,2015,1.0,0.0,1.0,1.0,1.0,,,1.0,1.0,0.0,1.0,,1.0,0.0,
1872,0,0,0,0,0,0,0,0,0,0,1,0,0,0,0,0,0,0,0,0,1947,2023,1.0,0.0,,,,,,1.0,1.0,,1.0,1.0,0.0,0.0,1.0
1897,0,0,0,0,0,0,0,0,0,0,1,0,0,0,0,0,0,0,0,0,1951,2023,1.0,0.0,1.0,1.0,,0.0,0.0,1.0,1.0,0.0,1.0,,0.0,0.0,1.0
1903,0,1,0,0,1,0,0,0,0,0,0,0,0,0,0,0,0,0,0,1,750,1258,1.0,1.0,,1.0,1.0,,,1.0,,1.0,1.0,,,1.0,1.0
1904,0,0,0,0,1,0,0,0,0,1,1,0,0,0,0,0,0,0,0,0,1800,2000,1.0,0.0,1.0,1.0,,0.0,1.0,1.0,,0.0,0.0,,0.0,0.0,1.0
1918,1,0,0,0,0,0,0,0,0,0,0,0,1,0,0,0,0,0,0,0,1950,2023,0.0,0.0,,1.0,,0.0,0.0,,,0.0,0.0,0.0,,,0.0
1928,0,0,0,0,1,0,0,0,0,0,1,0,0,0,0,0,0,0,0,0,1793,1864,0.0,,0.0,0.0,1.0,,0.0,1.0,1.0,0.0,,0.0,0.0,0.0,1.0
1940,0,0,0,0,0,0,0,0,0,0,1,0,0,0,0,0,0,0,0,0,1950,2023,1.0,0.0,1.0,1.0,,0.0,0.0,1.0,1.0,0.0,0.0,0.0,0.0,,1.0
1943,0,0,0,0,0,0,1,0,0,0,0,0,0,0,0,0,1,0,0,0,1990,2020,1.0,0.0,,0.0,1.0,0.0,0.0,1.0,1.0,,0.0,0.0,,0.0,1.0
1958,0,0,0,0,0,0,0,0,0,0,1,0,0,0,0,0,0,0,0,0,1915,2018,,,0.0,,1.0,1.0,,1.0,,0.0,0.0,0.0,0.0,,
1961,0,0,0,0,0,0,0,0,0,0,1,0,0,0,0,0,0,0,0,0,1990,2023,,,,,,0.0,,1.0,1.0,0.0,0.0,0.0,0.0,,1.0
1966,0,0,0,0,0,0,0,0,1,0,1,0,0,0,0,0,0,0,0,0,1972,2023,1.0,0.0,1.0,1.0,1.0,,1.0,1.0,1.0,0.0,,0.0,0.0,,1.0
1972,0,0,0,0,0,0,0,0,0,0,0,0,0,0,1,0,0,0,0,0,1970,2000,0.0,0.0,0.0,1.0,1.0,0.0,,1.0,,,0.0,0.0,0.0,,1.0
1974,0,0,0,0,0,0,0,0,0,0,1,0,0,0,0,0,0,0,0,0,1989,2023,0.0,0.0,0.0,,,0.0,0.0,,1.0,,0.0,,,,1.0
1978,1,1,0,0,0,0,0,0,0,0,0,0,1,0,0,0,0,0,0,0,1965,2023,0.0,0.0,,,1.0,,0.0,0.0,,0.0,0.0,0.0,0.0,0.0,
1985,0,0,1,1,0,0,0,0,0,0,0,0,0,0,0,0,0,0,0,1,34,638,,1.0,,1.0,,,0.0,0.0,1.0,1.0,,0.0,,1.0,0.0
1989,0,0,0,0,0,0,0,0,0,0,0,0,0,1,0,0,0,0,0,0,-600,300,1.0,,1.0,1.0,1.0,,,1.0,0.0,1.0,,0.0,,1.0,
1994,0,0,0,0,0,0,0,0,0,0,1,0,0,0,0,0,0,0,0,0,1968,2023,0.0,0.0,0.0,1.0,,0.0,0.0,,1.0,0.0,0.0,,0.0,,
2000,0,0,0,0,0,0,0,0,0,0,1,0,0,0,0,0,0,0,0,0,1933,2023,0.0,0.0,,1.0,1.0,0.0,0.0,1.0,,0.0,0.0,0.0,0.0,,1.0
2003,0,0,0,0,0,0,0,0,0,0,1,0,0,0,0,0,0,0,0,0,1914,2023,1.0,0.0,1.0,1.0,,0.0,,,1.0,,1.0,,,0.0,1.0
2006,0,0,0,0,0,0,0,0,0,0,1,0,0,0,0,0,0,0,0,0,1972,2023,,,0.0,,1.0,,0.0,1.0,,,0.0,0.0,0.0,0.0,1.0
2010,0,0,0,0,1,0,0,0,0,0,0,0,0,1,0,0,0,0,0,0,1240,2023,1.0,,1.0,1.0,1.0,,1.0,0.0,1.0,1.0,1.0,,,0.0,
2011,0,0,0,0,0,0,0,0,0,0,1,0,0,0,0,0,0,0,0,0,1885,2023,,0.0,0.0,1.0,,,0.0,1.0,1.0,0.0,0.0,0.0,,0.0,1.0
2021,0,0,0,0,0,0,0,0,0,0,1,0,0,0,0,0,0,0,0,0,1905,2023,1.0,,1.0,1.0,1.0,,,,,,1.0,,0.0,0.0,1.0
2023,0,0,1,0,1,0,0,0,0,0,1,0,0,0,0,0,0,0,0,0,971,1152,1.0,1.0,,1.0,0.0,0.0,,1.0,1.0,1.0,,1.0,0.0,1.0,
2027,0,0,1,0,1,0,0,0,0,0,0,0,0,1,0,0,0,0,0,0,1953,2023,0.0,0.0,0.0,1.0,,,0.0,1.0,1.0,,0.0,0.0,,,1.0
2031,0,0,1,0,1,0,0,0,0,0,1,0,0,0,0,0,0,0,0,0,800,909,,1.0,1.0,1.0,0.0,0.0,1.0,,1.0,1.0,,,0.0,1.0,1.0
2051,0,1,0,0,0,0,0,0,0,0,0,0,0,0,0,0,0,0,1,0,2022,2024,0.0,,0.0,0.0,0.0,1.0,0.0,1.0,1.0,,0.0,0.0,0.0,0.0,1.0
2052,0,0,0,0,0,0,0,0,0,0,1,0,0,0,0,0,0,0,0,0,1992,2023,1.0,0.0,,,,0.0,,1.0,1.0,0.0,,1.0,0.0,0.0,
2054,0,0,0,0,0,0,0,0,0,0,1,0,0,0,0,0,0,0,0,0,1918,2023,0.0,0.0,0.0,1.0,,0.0,0.0,,1.0,0.0,0.0,0.0,0.0,0.0,0.0
2061,0,0,0,0,0,0,0,0,0,0,1,0,0,0,0,0,0,0,0,0,1800,1900,1.0,,0.0,1.0,1.0,,1.0,,1.0,,1.0,,,0.0,1.0
2069,0,0,1,0,1,0,0,0,0,0,1,0,0,0,0,0,0,0,0,0,1969,2022,1.0,1.0,1.0,0.0,1.0,0.0,0.0,1.0,1.0,,0.0,0.0,0.0,0.0,
2070,0,0,0,0,0,0,0,0,0,1,1,0,0,0,0,0,0,0,0,0,2003,2018,,0.0,1.0,,1.0,,0.0,1.0,1.0,,,0.0,0.0,0.0,
2074,0,0,1,0,0,0,0,0,1,0,1,0,0,0,0,0,0,0,0,0,1905,1906,,1.0,0.0,1.0,0.0,0.0,,0.0,1.0,1.0,1.0,,,1.0,0.0
2089,0,0,1,0,1,0,0,0,0,0,1,0,0,0,0,0,0,0,0,0,1974,2023,,0.0,1.0,,1.0,0.0,1.0,,,0.0,0.0,,0.0,,1.0
2104,0,0,1,0,1,0,0,0,0,1,1,0,0,0,0,0,0,0,0,0,1700,1900,0.0,0.0,0.0,1.0,0.0,,1.0,1.0,,0.0,,0.0,0.0,0.0,1.0
2111,0,0,0,0,0,0,0,0,0,0,1,0,0,0,0,0,0,0,0,0,700,1463,1.0,1.0,0.0,0.0,1.0,,0.0,1.0,1.0,1.0,,1.0,0.0,1.0,
2114,0,0,1,0,1,0,0,0,0,0,1,0,0,0,0,0,0,0,0,0,1837,1990,,,,0.0,1.0,0.0,0.0,1.0,,1.0,1.0,0.0,0.0,,1.0
2116,0,0,1,0,1,0,0,0,0,0,1,0,0,0,0,0,0,0,0,0,1804,1923,0.0,,0.0,1.0,1.0,0.0,0.0,1.0,1.0,,1.0,1.0,0.0,0.0,1.0
2122,0,0,1,0,1,0,0,0,0,0,1,0,0,0,0,0,0,0,0,0,1978,2008,,1.0,0.0,1.0,1.0,,0.0,1.0,1.0,0.0,1.0,0.0,0.0,0.0,0.0
2126,0,0,1,0,1,0,0,0,0,0,1,0,0,0,0,0,0,0,0,0,1984,2023,,0.0,0.0,,1.0,0.0,0.0,1.0,1.0,0.0,,0.0,,0.0,1.0
2133,0,0,0,0,1,0,0,0,0,0,1,0,0,0,0,0,0,0,0,0,1923,2000,0.0,0.0,,,1.0,0.0,0.0,1.0,,1.0,1.0,0.0,,,1.0
2138,0,0,1,0,0,0,0,0,0,1,1,0,0,0,0,0,0,0,0,0,1916,2024,1.0,1.0,,1.0,1.0,0.0,,,1.0,,,0.0,0.0,1.0,1.0
2139,0,0,1,0,0,0,0,0,0,0,1,0,0,0,0,0,0,0,0,0,1980,2020,,0.0,0.0,1.0,1.0,0.0,,1.0,,,1.0,,,1.0,1.0
2147,0,0,1,0,1,0,0,0,0,0,1,0,0,0,0,0,0,0,0,0,1229,1574,1.0,1.0,,1.0,0.0,0.0,0.0,1.0,1.0,1.0,,1.0,0.0,1.0,1.0
2148,0,0,1,0,0,0,0,0,0,0,1,0,0,0,0,0,0,0,0,0,1705,1957,1.0,1.0,,1.0,,0.0,1.0,1.0,1.0,,1.0,,0.0,,1.0
2157,0,0,0,0,0,0,0,0,0,0,0,0,0,0,1,0,0,0,0,0,1775,1815,,,0.0,1.0,,0.0,0.0,,,,,0.0,1.0,,1.0
2166,0,0,0,0,0,0,0,0,0,1,0,0,0,1,0,0,0,0,0,0,395,1453,1.0,1.0,1.0,,1.0,0.0,,0.0,1.0,1.0,1.0,,1.0,0.0,1.0
2178,0,0,0,0,0,0,0,0,0,0,1,0,0,0,0,0,0,0,0,0,1918,2023,1.0,0.0,1.0,,1.0,,0.0,1.0,1.0,0.0,,,0.0,0.0,1.0
2180,0,0,0,0,0,0,0,0,0,0,0,0,0,0,1,0,0,0,0,0,1921,2024,1.0,1.0,1.0,1.0,1.0,1.0,1.0,1.0,1.0,0.0,1.0,1.0,,0.0,
2194,0,0,0,1,0,0,0,0,1,0,1,0,0,0,0,0,0,0,0,0,1952,2023,1.0,0.0,0.0,1.0,1.0,0.0,,1.0,1.0,0.0,0.0,,0.0,0.0,0.0
2200,0,0,0,0,0,0,0,0,0,0,1,0,0,0,0,0,0,0,0,0,1480,2024,1.0,0.0,,1.0,,0.0,1.0,0.0,1.0,,1.0,,,,1.0
2209,0,0,0,0,0,0,0,0,0,0,1,0,0,0,0,0,0,0,0,0,1842,2024,,0.0,1.0,,1.0,,,1.0,1.0,0.0,1.0,,0.0,0.0,
2210,0,0,0,0,0,0,0,0,0,0,1,0,0,0,0,0,0,0,0,0,1981,2024,,0.0,1.0,,1.0,0.0,,1.0,1.0,,,,0.0,0.0,1.0
2228,0,0,0,0,0,0,0,0,0,0,1,0,0,0,0,0,0,0,0,0,1972,2024,,,1.0,1.0,1.0,0.0,0.0,,1.0,0.0,1.0,,0.0,,1.0
2232,0,0,0,0,0,0,0,0,0,0,0,0,0,1,0,0,0,0,0,0,1350,1500,,0.0,0.0,1.0,,0.0,0.0,,1.0,0.0,0.0,,0.0,0.0,1.0
2237,0,0,0,1,0,0,0,0,0,0,0,0,0,1,0,0,0,0,0,0,1217,2024,0.0,1.0,0.0,,1.0,0.0,0.0,,,0.0,0.0,0.0,0.0,0.0,1.0
2238,0,0,1,0,1,0,0,0,0,1,1,0,0,0,0,0,0,0,0,0,1700,2000,,1.0,,,1.0,0.0,1.0,1.0,1.0,0.0,0.0,0.0,0.0,,1.0
2243,0,0,1,0,1,0,0,0,0,0,0,1,0,0,0,0,0,0,0,0,700,2024,0.0,1.0,0.0,1.0,,0.0,1.0,1.0,1.0,0.0,0.0,,0.0,0.0,1.0
2245,0,0,1,0,1,0,0,0,0,0,0,0,0,1,0,0,0,0,0,0,652,1240,,1.0,,1.0,,0.0,1.0,1.0,1.0,1.0,1.0,,,1.0,1.0
2246,0,0,1,0,0,0,0,0,0,0,1,0,0,0,0,0,0,0,0,0,819,1957,,1.0,1.0,1.0,1.0,,,,1.0,1.0,,0.0,0.0,0.0,1.0
2247,0,0,1,0,0,0,0,0,0,0,1,0,0,0,0,0,0,0,0,0,647,712,1.0,1.0,,1.0,,0.0,1.0,1.0,1.0,,1.0,1.0,0.0,1.0,1.0
2248,0,0,1,0,0,0,0,0,0,0,1,0,0,0,0,0,0,0,0,0,1631,1702,1.0,1.0,,1.0,0.0,0.0,,1.0,,1.0,1.0,1.0,0.0,1.0,1.0
2255,0,0,0,0,1,0,0,0,0,0,0,1,0,0,0,0,0,0,0,0,1340,2024,,1.0,0.0,,0.0,0.0,1.0,1.0,1.0,,0.0,,,,1.0
2256,0,0,1,0,1,0,0,0,0,1,1,0,0,0,0,0,0,0,0,0,1700,2000,0.0,0.0,1.0,1.0,1.0,0.0,1.0,,,0.0,0.0,0.0,,,1.0
2264,0,0,0,0,0,0,0,0,0,0,0,0,0,1,0,0,0,0,0,0,1560,1720,0.0,1.0,0.0,1.0,1.0,0.0,1.0,,,1.0,1.0,0.0,0.0,1.0,1.0
2271,0,0,0,0,0,0,0,0,0,0,1,0,0,0,0,0,0,0,0,0,1964,2024,,,,,1.0,0.0,,1.0,1.0,0.0,0.0,0.0,0.0,0.0,1.0
2273,1,0,0,0,0,0,0,0,0,0,0,0,1,0,0,0,0,0,0,0,1291,1368,0.0,1.0,,1.0,,0.0,0.0,1.0,,0.0,0.0,,0.0,0.0,1.0
2274,0,0,0,0,0,0,0,0,1,0,1,0,0,0,0,0,0,0,0,0,1920,2023,,,1.0,1.0,1.0,1.0,1.0,,1.0,0.0,1.0,0.0,0.0,0.0,1.0
2278,0,0,1,0,1,0,0,0,0,1,1,0,0,0,0,0,0,0,0,0,1700,2024,0.0,,0.0,1.0,0.0,0.0,1.0,1.0,,0.0,,0.0,0.0,,1.0
2279,0,0,0,0,0,0,0,0,1,0,1,0,0,0,0,0,0,0,0,0,1890,2024,,0.0,0.0,0.0,1.0,,1.0,,,1.0,1.0,0.0,0.0,0.0,0.0
2283,1,0,0,0,0,0,0,0,0,0,0,0,1,0,0,0,0,0,0,0,283,364,,,0.0,0.0,,1.0,0.0,0.0,,0.0,0.0,0.0,,0.0,
2284,0,0,0,0,0,0,0,0,0,0,0,0,0,0,1,0,0,0,0,0,1300,1522,,1.0,1.0,0.0,1.0,,1.0,,,1.0,0.0,,0.0,1.0,1.0
2290,0,0,1,0,1,0,0,0,0,1,1,0,0,0,0,0,0,0,0,0,1200,2024,0.0,0.0,,1.0,1.0,0.0,1.0,1.0,,,0.0,0.0,,,1.0
2297,0,0,0,1,0,0,0,0,0,0,0,0,0,1,0,0,0,0,0,0,1173,1699,,0.0,0.0,1.0,1.0,0.0,1.0,1.0,,1.0,,,1.0,,1.0
2299,0,0,1,0,1,0,0,0,0,1,0,0,0,0,0,0,0,0,0,1,1100,1300,,,1.0,1.0,0.0,1.0,1.0,1.0,1.0,0.0,1.0,0.0,1.0,1.0,1.0
2308,0,0,1,0,0,0,0,0,0,0,0,0,0,1,0,0,0,0,0,0,711,726,,1.0,1.0,1.0,1.0,0.0,,1.0,1.0,1.0,1.0,,0.0,1.0,1.0
2309,0,0,1,0,0,0,0,0,0,0,0,0,0,1,0,0,0,0,0,0,756,1031,1.0,1.0,1.0,,1.0,0.0,,,1.0,1.0,1.0,1.0,,1.0,1.0
2312,0,0,0,0,0,0,0,0,1,0,1,0,0,0,0,0,0,0,0,0,-1800,2024,1.0,,1.0,0.0,1.0,1.0,1.0,1.0,,1.0,1.0,,1.0,1.0,
2313,0,0,0,0,0,0,0,0,0,1,0,1,0,0,0,0,0,0,0,0,600,2024,0.0,0.0,0.0,1.0,,0.0,1.0,1.0,,0.0,0.0,,1.0,0.0,1.0
2322,0,0,1,0,0,0,0,0,0,0,0,0,0,0,0,0,0,0,0,1,661,750,,1.0,1.0,1.0,1.0,0.0,,1.0,1.0,,1.0,,,1.0,1.0
2327,0,0,0,0,0,0,0,0,1,0,1,0,0,0,0,0,0,0,0,0,1900,2024,1.0,0.0,1.0,1.0,1.0,0.0,1.0,,1.0,0.0,,0.0,,,1.0
2330,0,0,0,0,0,0,0,0,0,0,1,0,0,0,0,0,0,0,0,0,1893,2024,,0.0,0.0,1.0,1.0,0.0,,1.0,,,,0.0,,,1.0
2331,0,0,1,0,1,0,0,0,0,0,0,0,0,0,0,0,0,0,0,1,750,1517,1.0,1.0,1.0,1.0,,0.0,,1.0,1.0,,1.0,1.0,1.0,1.0,1.0
2333,0,1,0,0,0,0,0,0,0,0,1,0,0,0,0,0,0,0,0,0,1930,2024,,1.0,0.0,1.0,,1.0,,0.0,,0.0,,0.0,,0.0,
2335,0,0,0,0,0,0,0,0,0,0,1,0,0,0,0,0,0,0,0,0,1914,2024,1.0,0.0,1.0,,,0.0,0.0,1.0,1.0,,0.0,0.0,0.0,0.0,1.0
2337,0,0,0,0,0,0,0,0,0,0,0,0,0,0,0,0,1,0,0,0,1350,1533,1.0,1.0,,0.0,,0.0,1.0,0.0,0.0,0.0,0.0,,0.0,,
2339,0,0,0,0,0,0,0,0,0,0,1,0,0,0,0,0,0,0,0,0,1100,2024,,0.0,1.0,1.0,,1.0,1.0,,1.0,0.0,1.0,0.0,,0.0,
2345,0,1,0,0,0,0,0,0,0,0,0,0,1,0,0,0,0,0,0,0,1950,2024,1.0,,1.0,,0.0,1.0,1.0,1.0,0.0,0.0,,0.0,0.0,1.0,
2346,0,0,0,0,0,0,0,0,0,0,1,0,0,0,0,0,0,0,0,0,1800,2024,,,1.0,0.0,1.0,1.0,1.0,1.0,1.0,,1.0,0.0,0.0,0.0,1.0
2347,0,0,0,0,0,0,0,0,0,0,1,0,0,0,0,0,0,0,0,0,1222,2023,,0.0,1.0,,,,1.0,,,0.0,0.0,0.0,,0.0,
2349,0,0,0,0,0,0,0,0,0,0,1,0,0,0,0,0,0,0,0,0,1738,2024,0.0,0.0,,,1.0,0.0,1.0,,1.0,,,0.0,,1.0,1.0
2362,0,0,1,0,1,0,0,0,0,0,0,0,0,0,0,0,0,0,0,1,1037,1194,1.0,1.0,,1.0,1.0,0.0,,1.0,,1.0,,1.0,,1.0,1.0
2363,0,0,1,0,1,0,0,0,0,0,1,0,0,0,0,0,0,0,0,0,1940,2024,1.0,,0.0,1.0,1.0,,0.0,,,0.0,0.0,,,,
2365,0,0,1,0,1,0,0,0,0,0,1,0,0,0,0,0,0,0,0,0,1502,1614,1.0,,,1.0,1.0,0.0,1.0,1.0,1.0,1.0,1.0,0.0,1.0,0.0,1.0
2369,0,0,1,0,1,0,0,0,0,0,1,0,0,0,0,0,0,0,0,0,1787,1977,0.0,1.0,,1.0,1.0,,0.0,1.0,,0.0,1.0,,,,0.0
