entry_id,entrytag_123,entrytag_14,entrytag_14828,entrytag_18,entrytag_24,entrytag_38,entrytag_508,entrytag_510,entrytag_9,entrytag_905,region_africa,region_central_eurasia,region_east_asia,region_europe,region_north_america,region_oceania_australia,region_south_america,region_south_asia,region_southeast_asia,region_southwest_asia,year_from,year_to,Q_2238,Q_2252,Q_2253,Q_2254,Q_2256,Q_2265,Q_2271,Q_2283,Q_2300,Q_2305,Q_2316,Q_2322,Q_2324,Q_2347,Q_2349,Q_2351,Q_2374,Q_2375,Q_2841,Q_2842,Q_2862,Q_2868,Q_2876,Q_2890,Q_2893,Q_2900,Q_2908,Q_2914,Q_2919,Q_2928,Q_2929,Q_2944,Q_2945,Q_2948,Q_2958,Q_2964,Q_2967,Q_2968,Q_3016,Q_3022,Q_3028,Q_3063,Q_3074,Q_3085,Q_3088,Q_3089,Q_3093,Q_3095,Q_3098,Q_3100,Q_3107,Q_3108,Q_3109,Q_3113,Q_3115,Q_3116,Q_3117,Q_3120,Q_3121,Q_3122,Q_3127,Q_3128,Q_3129,Q_3130,Q_3132,Q_3133,Q_3134,Q_3135,Q_3138,Q_3139,Q_3140,Q_3144,Q_3145,Q_3147,Q_3148,Q_3149,Q_3151,Q_3153,Q_3154,Q_3156,Q_3157,Q_3158,Q_3162,Q_3163,Q_3164,Q_3165,Q_3166,Q_3167,Q_3168,Q_3169,Q_3173,Q_3174,Q_3175,Q_3177,Q_3178,Q_3179,Q_3233,Q_3420,Q_3437,Q_3440
173,0,0,0,1,0,0,0,0,0,0,0,0,0,0,0,0,0,0,0,1,90,120,1,1,1,1,1,0,1,1,0,0,1,0,0,1,1,1,1,0,1,0,0,0,0,1,1,1,0,0,1,1,0,0,1,1,0,0,1,0,1,0,1,0,1,1,0,0,1,1,0,1,0,0,0,0,0,1,0,0,0,0,1,1,1,0,0,1,0,1,1,1,1,0,0,0,0,0,1,0,1,1,0,0,1,1,1,0,0,1,1,0,1,0,1,0,0,0,1,1,1,0
174,0,0,0,1,0,0,0,0,0,0,0,0,0,0,0,0,0,0,0,1,50,160,1,1,1,1,1,0,1,0,0,1,1,0,0,1,1,1,1,1,1,1,0,1,0,1,1,1,1,1,1,1,0,0,1,0,0,0,1,0,1,1,1,0,1,0,1,0,1,1,0,1,0,1,0,0,0,1,1,0,1,0,1,1,1,1,0,1,0,1,1,1,1,0,0,1,0,0,1,0,1,1,1,0,0,0,0,0,0,1,0,0,1,0,1,0,0,0,1,1,1,1
176,0,0,0,0,0,0,0,0,0,0,0,0,0,0,0,0,0,0,0,1,-150,68,1,1,1,1,1,1,1,1,1,1,1,0,1,1,1,1,1,1,1,0,0,1,0,1,1,1,1,1,1,1,1,1,1,0,0,0,1,1,1,1,1,1,1,0,1,0,1,1,0,1,0,1,0,1,0,1,1,0,1,0,1,1,1,1,1,1,1,1,1,1,1,1,1,0,1,1,0,0,1,0,1,1,0,0,0,1,0,1,1,1,1,1,1,1,1,1,1,1,1,1
182,0,0,0,1,0,0,0,0,0,0,0,0,0,1,0,0,0,0,0,0,48,56,0,1,1,1,1,0,1,0,0,0,1,0,0,1,1,1,1,0,0,1,0,1,0,1,1,1,1,0,1,1,0,1,1,1,0,0,0,0,1,0,1,1,1,0,0,0,1,1,0,1,0,1,0,0,0,1,0,0,0,0,0,0,1,0,0,0,0,1,1,1,0,0,0,0,0,0,0,0,1,0,0,0,0,0,0,0,0,0,1,0,0,0,0,0,0,0,1,1,1,0
184,1,1,0,0,0,0,0,0,0,0,0,0,1,0,0,0,0,0,0,0,386,534,1,0,1,1,0,1,1,1,1,0,1,1,1,1,1,1,1,1,1,1,1,1,1,1,1,1,1,1,1,1,1,0,1,0,0,0,1,1,0,1,1,1,1,0,1,0,1,0,0,1,1,1,1,0,0,1,1,1,1,0,0,0,1,1,0,1,0,1,1,1,1,0,1,0,0,0,0,0,1,0,1,0,0,0,1,1,0,0,0,0,1,0,1,1,0,0,1,1,1,1
190,0,1,0,0,0,0,0,0,0,0,0,0,0,0,0,0,0,1,0,0,1948,2015,1,1,1,1,1,1,1,1,1,0,1,1,1,1,1,1,1,1,1,1,1,1,1,1,1,1,1,1,1,1,0,0,1,0,0,0,1,1,1,1,1,1,1,0,1,0,0,0,0,0,0,1,0,0,0,1,0,0,1,0,1,1,1,1,1,1,0,1,1,1,1,0,0,1,1,0,1,0,1,0,1,0,1,1,1,0,0,1,0,0,1,0,1,1,0,0,1,1,1,1
195,0,0,0,0,0,0,0,0,0,0,0,0,0,0,0,0,0,1,0,0,500,1100,1,0,1,1,0,1,1,1,1,0,1,1,1,1,1,1,0,1,1,1,1,1,1,1,1,1,1,1,1,1,1,0,1,0,0,0,0,1,1,1,1,0,1,0,1,0,1,0,0,1,1,1,0,0,0,1,1,0,1,0,0,0,0,0,0,0,0,0,1,0,0,0,1,0,0,0,0,0,0,0,1,0,0,0,0,0,0,0,0,0,0,0,1,1,0,0,1,1,1,1
196,0,0,0,1,0,0,0,0,0,0,0,0,0,1,0,0,0,0,0,0,45,60,1,1,1,1,1,0,1,0,0,0,1,0,1,1,1,1,1,0,1,1,0,1,0,1,1,1,1,1,1,1,0,0,1,0,0,0,1,1,1,0,1,0,1,0,0,0,1,0,0,1,0,1,0,0,0,1,0,0,0,0,1,1,1,1,0,1,0,1,0,1,1,0,0,1,0,0,0,0,1,0,0,0,0,0,0,0,0,1,0,0,1,0,1,0,1,0,1,1,1,0
200,0,1,0,0,0,0,0,0,0,0,0,0,0,0,0,0,0,1,0,0,1650,1850,1,1,1,0,1,1,1,1,1,0,1,1,1,1,1,1,1,1,1,1,1,1,1,1,1,1,1,1,0,1,0,0,1,0,0,0,1,1,0,1,1,1,1,0,0,0,1,0,0,1,0,1,0,1,0,1,0,0,0,0,1,1,1,1,1,1,0,1,1,1,1,1,0,1,1,0,1,1,1,1,1,1,1,1,1,1,0,1,1,1,1,0,1,1,1,0,0,1,1,1
201,0,0,0,0,0,0,0,0,0,0,0,0,0,1,0,0,0,0,0,0,-500,500,1,0,1,1,0,1,1,1,1,1,1,1,1,1,0,1,0,1,1,1,0,1,1,1,1,1,1,1,1,1,1,0,1,0,0,0,1,1,1,1,1,1,1,0,1,0,1,0,0,1,0,1,0,0,0,1,1,1,1,0,1,0,1,1,0,1,0,1,0,1,1,0,0,1,0,0,0,0,1,1,1,0,1,0,1,0,1,1,0,0,1,0,1,0,0,0,1,1,1,1
204,1,0,0,0,0,0,0,0,0,0,0,0,1,0,0,0,0,0,0,0,-206,220,1,0,1,1,0,1,1,1,1,0,1,1,1,1,1,1,0,1,0,1,0,1,1,1,1,1,1,1,1,1,1,0,1,0,0,1,0,1,1,1,1,0,1,0,1,0,1,0,0,1,0,1,0,1,0,1,0,0,0,0,1,1,1,1,0,1,0,1,1,1,1,1,1,1,1,0,1,0,1,1,1,0,1,1,1,1,0,1,0,0,1,0,1,1,1,0,1,1,1,1
211,0,0,0,0,0,0,0,0,0,0,1,0,0,0,0,0,0,0,0,0,-1350,-1320,1,1,1,0,1,1,1,1,1,1,1,1,1,1,1,1,1,0,1,0,0,1,1,1,1,1,1,1,1,1,1,0,1,1,0,0,1,0,0,1,1,0,1,0,0,0,1,0,0,1,0,1,0,1,0,1,0,0,0,0,1,0,1,0,0,1,0,0,1,1,0,0,1,1,0,1,1,0,1,0,1,1,0,0,0,0,1,1,1,1,1,0,1,1,1,0,1,1,1,1
212,1,0,0,0,0,0,0,0,0,0,0,0,1,0,0,0,0,0,0,0,-481,-206,0,0,0,0,0,1,0,0,1,0,0,1,1,0,0,0,0,0,1,0,0,1,1,1,1,1,1,1,1,1,1,0,1,1,0,0,1,1,0,0,0,1,0,0,0,0,1,0,0,0,0,1,0,0,0,0,0,0,1,0,1,1,1,1,0,1,0,1,0,1,1,0,1,1,0,0,0,0,1,1,0,0,0,0,0,0,0,1,0,0,1,0,1,1,0,1,1,1,1,1
217,0,0,0,0,0,0,0,0,0,0,0,0,0,1,0,0,0,0,0,0,-202,-44,1,0,0,0,0,1,0,1,1,1,1,1,1,0,0,1,0,0,1,1,0,1,0,1,1,1,1,1,1,1,1,0,1,1,0,1,1,1,0,0,1,0,0,0,0,0,1,0,0,1,0,1,0,0,0,0,1,0,1,0,1,1,1,0,0,1,0,1,1,1,0,0,1,1,0,0,0,0,1,0,1,0,0,0,0,0,0,1,0,0,1,0,1,0,0,0,1,1,1,1
222,0,0,0,0,0,0,0,0,0,0,0,0,0,0,1,0,0,0,0,0,600,900,1,0,1,1,1,1,1,1,1,1,1,1,1,1,1,1,0,1,1,1,1,1,1,0,1,1,1,1,1,0,1,0,1,0,0,0,1,1,0,0,1,1,1,0,1,0,1,0,0,1,0,1,0,1,0,1,1,0,1,0,1,1,1,0,0,0,1,1,1,0,1,0,1,0,1,0,0,0,1,0,1,1,0,1,1,0,0,1,1,1,1,1,1,1,1,1,1,1,1,1
224,0,0,0,0,0,0,0,0,0,0,0,0,0,1,0,0,0,0,0,0,600,1100,1,1,0,0,0,1,0,1,1,1,1,1,1,0,0,1,0,0,1,1,0,1,1,1,1,1,1,1,1,1,1,0,1,0,0,1,1,1,0,0,0,1,1,0,0,0,0,0,0,0,0,1,0,0,0,0,0,0,0,0,0,0,0,0,0,0,0,1,1,0,0,0,0,0,0,0,0,0,0,0,1,0,0,0,0,0,0,0,0,0,1,0,1,0,0,0,1,1,1,1
227,0,0,0,0,0,0,0,1,0,0,0,0,0,0,0,0,0,1,0,0,1980,2000,1,1,1,1,1,1,1,1,0,0,1,1,1,1,1,1,0,1,0,0,1,1,1,1,1,1,1,1,1,1,0,0,1,0,0,0,0,1,0,1,1,1,1,1,1,0,1,0,0,1,0,1,0,1,0,1,1,0,1,1,1,0,1,1,0,1,0,1,1,1,1,0,1,1,1,0,1,1,0,1,1,1,1,0,1,1,0,1,1,1,1,1,1,1,0,0,1,1,1,1
228,0,0,0,0,0,0,0,0,0,0,0,0,1,0,0,0,0,0,0,0,1600,1900,1,1,1,1,1,1,1,1,1,0,1,1,1,1,1,1,0,1,1,1,0,1,1,1,1,1,1,1,1,1,1,0,1,0,0,0,1,1,0,0,1,1,1,0,1,0,1,0,0,1,0,1,0,1,0,1,0,0,0,0,0,1,0,1,1,1,0,1,1,1,1,1,1,1,1,0,1,0,1,0,1,1,0,0,1,1,1,0,0,1,1,0,1,1,0,0,1,1,1,1
230,0,0,0,0,0,0,0,0,0,0,0,0,0,0,0,0,0,0,0,1,-3300,-539,1,0,0,0,0,1,1,1,1,1,1,1,1,0,1,1,0,0,1,1,0,1,1,1,1,1,0,1,1,1,1,0,1,1,0,1,1,1,0,1,1,0,0,0,0,0,1,0,0,1,0,1,0,0,0,1,0,0,0,0,1,1,1,1,0,1,0,0,1,1,1,0,1,1,1,0,1,0,1,1,1,1,0,1,0,0,0,1,1,1,1,0,1,1,1,1,1,1,1,1
231,0,0,0,0,0,0,0,0,0,0,0,0,0,1,0,0,0,0,0,0,-600,-202,1,0,0,0,0,1,0,1,1,0,1,1,1,0,1,1,0,0,1,1,0,1,0,1,1,1,1,1,0,1,1,0,1,0,0,1,1,1,0,0,1,0,0,0,0,0,1,0,0,1,0,1,0,0,0,0,1,0,1,0,1,1,1,0,1,1,0,1,1,1,1,0,1,1,0,0,0,0,1,0,1,0,0,0,0,0,0,1,0,0,1,0,1,0,0,0,0,1,1,1
255,1,0,0,0,0,0,0,0,0,0,0,0,1,0,0,0,0,0,0,0,-200,500,1,0,1,1,0,0,1,1,0,0,1,0,1,1,1,1,0,1,1,1,0,1,1,1,1,1,1,1,1,1,1,0,1,0,0,1,1,1,0,1,1,0,0,0,1,0,1,0,0,1,0,1,0,0,0,1,0,0,0,0,1,1,1,1,0,1,0,1,1,1,1,0,1,1,0,0,1,0,1,0,1,0,1,1,1,0,0,1,0,0,1,0,1,1,0,0,0,1,1,1
263,0,0,0,0,0,0,0,0,0,0,0,0,0,1,0,0,0,0,0,0,2000,2015,1,1,1,1,1,1,1,1,1,0,1,1,1,1,1,1,1,1,1,1,0,1,0,1,1,1,1,1,1,1,0,0,1,0,0,0,1,1,1,1,1,0,1,0,1,0,1,0,0,1,1,1,0,1,0,1,1,0,0,0,1,1,1,1,1,1,0,1,1,1,1,0,1,1,1,0,0,0,1,0,1,1,1,1,1,1,0,1,1,0,1,0,1,1,0,1,1,0,0,0
284,0,0,0,0,0,0,0,0,0,0,0,0,0,0,0,1,0,0,0,0,-3500,2015,1,0,0,1,0,0,1,1,0,1,1,0,1,1,1,1,0,1,1,1,0,1,1,1,1,1,1,1,0,0,1,0,1,0,0,0,1,1,0,0,1,1,0,0,1,0,1,0,0,1,0,1,0,0,0,1,0,0,0,0,1,1,1,1,0,1,0,1,1,1,1,0,1,1,1,0,0,0,1,0,0,0,0,1,0,0,0,1,0,0,1,0,1,1,0,0,0,1,1,1
294,1,0,0,0,0,0,0,0,0,0,0,0,1,0,0,0,0,0,0,0,200,600,1,0,1,0,0,0,1,0,0,0,1,0,0,1,0,1,0,1,1,0,0,1,0,0,1,1,1,1,1,0,0,0,0,0,0,0,1,0,0,1,0,0,0,0,0,0,0,0,0,0,0,0,0,0,0,1,0,0,0,0,0,1,1,1,0,0,0,1,1,1,1,0,0,0,0,0,0,0,1,0,0,0,0,0,0,0,0,1,0,0,1,0,1,1,0,0,1,0,0,0
308,0,0,0,0,0,0,0,0,0,0,0,0,0,0,0,0,0,0,0,1,-900,-501,1,0,0,0,0,1,0,1,1,1,1,1,1,0,1,0,0,0,1,1,0,1,0,1,1,1,1,1,1,1,1,0,1,1,0,0,1,1,0,0,1,1,1,0,1,0,1,0,0,1,0,1,0,0,0,0,0,0,1,0,1,1,1,0,0,1,0,1,1,1,1,1,1,1,1,0,1,0,1,0,1,0,0,0,1,1,0,1,0,0,0,0,0,1,1,0,1,1,1,1
310,0,0,0,0,0,1,0,0,0,0,0,0,0,0,1,0,0,0,0,0,1325,1519,1,0,1,1,1,1,1,1,1,0,1,1,1,1,1,1,0,1,1,1,1,1,1,1,1,1,1,1,1,1,1,0,1,0,0,0,0,1,0,0,1,1,1,0,1,1,1,0,0,1,0,1,0,1,1,1,1,0,1,1,1,1,1,1,1,1,0,1,1,0,1,0,1,1,1,0,0,0,1,1,1,1,0,0,0,1,1,1,0,0,0,0,1,1,0,0,1,1,1,1
354,0,0,0,0,0,0,0,0,0,0,0,0,0,0,0,0,0,0,0,1,-330,-125,1,0,1,1,0,1,0,1,1,0,1,1,1,1,1,1,0,0,1,1,0,1,1,1,1,1,1,1,1,1,1,0,1,1,0,0,1,1,0,0,1,0,0,0,0,0,1,0,0,1,0,1,0,0,0,1,0,0,0,0,1,1,1,1,1,1,0,1,1,0,1,1,1,1,1,0,1,0,1,1,1,1,1,1,1,1,0,1,0,0,1,0,1,1,1,0,1,1,1,1
355,0,0,0,1,0,0,0,0,0,0,0,0,0,1,0,0,0,0,0,0,50,60,1,1,1,1,1,0,1,1,1,1,1,0,1,1,1,1,1,0,1,1,0,1,0,1,1,1,1,1,1,1,0,0,1,1,0,0,1,0,1,1,1,0,1,0,1,0,1,0,0,1,0,1,0,1,0,1,0,0,1,0,1,1,1,1,0,1,0,1,1,1,1,0,1,1,1,0,1,0,1,1,1,1,1,1,1,1,0,1,1,1,1,0,1,1,1,1,1,1,1,1
358,0,0,0,0,0,0,0,1,0,0,0,0,0,0,0,0,0,1,0,0,1500,1699,1,1,1,1,1,1,1,1,1,1,1,1,1,1,1,1,1,1,1,1,1,1,1,1,1,1,1,1,1,1,1,0,1,1,0,0,1,1,1,1,1,1,1,0,1,0,1,1,0,1,0,1,0,1,0,1,1,0,1,0,1,1,1,0,0,1,0,1,1,1,1,0,1,0,1,0,0,0,1,0,1,1,1,0,0,0,0,0,1,1,1,0,1,1,1,1,1,1,1,1
361,0,0,0,0,0,0,0,0,0,0,0,0,0,1,0,0,0,0,0,0,-500,-300,1,0,0,0,1,1,0,1,1,1,1,1,1,0,0,1,0,0,1,1,0,1,1,1,1,1,1,1,1,1,1,0,1,1,0,0,1,1,0,0,1,1,1,0,1,0,1,0,0,1,0,1,0,0,0,0,0,0,0,0,1,1,1,0,0,0,0,1,1,1,1,0,1,0,0,0,0,0,1,0,0,0,0,0,0,0,0,1,0,0,1,0,1,0,0,0,1,1,1,1
364,0,1,0,0,0,0,0,1,0,0,0,0,0,0,0,0,0,1,0,0,1860,2010,1,0,1,1,1,1,1,1,0,0,1,1,1,1,1,1,1,1,1,0,1,1,1,0,1,1,1,0,1,0,0,0,1,0,0,0,1,1,1,1,1,0,1,0,0,0,1,0,0,0,0,1,0,1,0,1,1,0,0,0,1,1,1,1,0,1,0,1,1,1,0,0,0,1,1,0,0,0,1,0,1,0,0,0,0,0,0,1,0,1,1,0,1,1,0,0,1,0,0,0
374,0,0,0,0,0,0,0,1,0,0,0,0,0,0,0,0,0,1,0,0,800,1600,1,1,1,1,0,1,1,1,0,0,1,1,1,1,1,1,0,1,1,1,1,1,1,1,1,1,1,1,1,1,1,0,1,0,0,0,1,1,0,1,1,1,1,1,1,0,1,1,0,1,0,1,0,0,0,1,1,0,0,0,0,1,1,1,0,1,0,1,1,1,1,0,1,0,0,0,1,0,1,0,1,0,1,0,0,0,0,0,0,0,1,0,1,1,0,0,1,1,1,1
378,0,0,0,0,0,0,0,0,0,0,0,0,0,0,0,0,0,1,0,0,1880,1951,0,0,0,0,0,0,0,0,0,0,1,0,0,0,0,0,0,0,0,0,0,0,0,0,0,0,0,0,0,0,0,0,0,0,0,0,0,0,0,0,0,0,0,0,0,0,0,0,0,0,1,0,0,0,0,0,0,0,0,0,0,1,0,0,0,0,0,0,0,0,0,0,1,0,0,0,0,0,0,0,0,0,0,0,0,0,0,0,0,0,0,0,0,0,0,0,0,0,0,0
381,0,0,0,0,0,0,0,1,0,0,0,0,0,0,0,0,0,1,0,0,1469,1606,1,1,1,1,0,1,0,0,0,0,1,0,0,1,1,1,0,1,0,0,1,1,1,1,1,1,1,1,1,1,0,0,0,0,0,0,0,0,1,1,1,0,1,0,0,0,1,0,0,0,0,0,0,0,0,1,0,0,0,0,1,1,1,1,0,1,0,1,1,1,1,0,1,1,0,0,1,0,1,1,0,1,1,1,1,0,1,1,1,0,1,0,1,0,0,1,1,1,1,1
383,0,0,0,0,0,0,0,1,0,0,0,0,0,0,0,0,0,1,0,0,1200,1700,1,0,1,0,1,1,1,1,0,0,1,1,1,1,1,1,1,1,0,1,1,1,0,1,1,1,1,1,1,1,0,0,1,1,1,0,0,0,1,1,1,1,1,0,1,0,1,0,0,1,0,1,0,1,0,1,1,0,0,0,1,1,0,1,0,1,0,0,1,1,1,0,1,1,1,0,0,0,0,0,1,0,0,0,0,0,0,1,0,1,1,0,0,1,0,0,1,0,0,0
387,0,0,0,0,1,0,0,1,0,0,0,0,0,0,0,0,0,1,0,0,1889,2016,0,1,1,1,1,1,1,0,0,0,1,1,1,1,1,1,0,0,1,1,0,1,1,1,1,1,1,1,1,1,0,0,1,0,0,0,1,1,1,0,1,1,1,0,1,0,1,1,0,1,0,1,0,0,0,1,1,0,0,0,1,1,1,1,1,1,0,1,1,0,1,1,0,1,0,0,0,0,1,0,1,0,0,0,0,1,0,0,0,0,0,0,0,1,1,0,1,1,1,1
389,0,0,0,0,0,0,0,0,0,0,0,0,0,0,0,0,0,0,1,0,1840,1970,1,0,0,0,1,0,1,1,1,0,1,0,1,0,1,1,0,0,1,1,0,1,1,1,1,1,1,1,0,1,1,0,1,0,0,0,1,1,0,0,1,0,1,0,1,0,1,0,0,1,0,1,0,0,0,0,1,0,1,0,1,1,1,1,0,1,0,1,1,1,1,0,1,1,0,0,0,0,1,0,1,0,0,0,0,0,0,0,0,0,1,0,1,0,1,0,0,1,1,1
390,0,0,0,0,0,0,0,1,0,0,0,0,0,0,0,0,0,1,0,0,1610,2016,1,0,1,1,1,1,1,1,1,0,1,1,1,1,1,1,0,1,0,1,1,1,1,1,1,1,1,1,1,0,0,0,1,0,0,0,0,0,0,0,0,0,0,0,0,0,1,0,0,1,0,1,0,0,0,0,0,0,0,0,1,1,0,0,0,0,0,0,1,0,0,0,0,0,1,0,0,0,0,0,1,0,0,0,0,0,0,0,0,0,0,0,0,1,0,0,1,1,1,1
392,0,0,0,0,0,0,0,1,0,0,0,0,0,0,0,0,0,1,0,0,1606,1708,1,1,1,1,1,1,1,0,0,0,1,1,1,1,1,1,0,1,0,0,1,1,1,1,1,1,1,1,1,1,0,0,0,0,0,0,0,0,1,1,1,1,1,0,0,0,1,0,0,0,0,1,0,0,0,1,0,0,0,0,1,1,1,1,0,1,0,1,1,1,1,0,1,0,0,0,1,0,1,1,0,1,1,1,1,0,1,1,1,0,1,0,1,0,0,1,1,1,1,1
395,0,0,0,0,0,0,0,1,0,0,1,0,0,0,0,0,0,0,0,0,1966,2016,1,1,1,1,1,1,1,1,0,0,1,1,1,1,1,1,1,1,1,1,1,1,1,1,1,1,1,1,1,1,0,0,1,0,1,0,0,1,1,1,1,0,1,0,1,0,0,0,0,0,0,0,0,1,0,1,1,1,0,0,1,1,1,1,0,1,0,1,1,1,1,0,0,1,0,0,0,0,1,1,1,0,1,1,1,0,1,1,0,0,1,0,1,1,0,0,1,1,1,0
400,0,0,0,1,0,0,0,0,0,0,0,0,0,0,0,0,0,0,1,0,1980,2015,1,1,1,1,0,1,1,0,0,0,1,1,1,1,0,1,1,0,1,1,0,1,0,1,1,1,1,1,1,0,0,0,1,1,0,1,1,1,1,0,1,0,1,0,0,0,0,0,0,1,0,1,0,1,0,1,1,0,1,0,1,1,1,1,0,1,1,1,1,1,1,0,0,1,1,0,1,0,1,1,1,1,1,1,1,0,0,1,1,1,1,0,1,1,1,1,1,1,1,1
406,1,0,0,0,0,0,0,0,0,0,0,0,1,0,0,0,0,0,0,0,142,2014,1,1,1,1,1,0,1,0,1,1,1,0,1,1,1,1,1,0,1,1,0,1,0,1,1,1,1,1,1,1,0,0,1,0,0,0,1,1,1,0,1,1,1,0,0,0,1,0,0,1,0,1,0,1,0,1,0,0,0,0,1,0,1,1,1,1,1,1,1,1,1,1,1,1,1,1,0,0,1,0,1,1,0,0,1,1,0,1,0,1,1,1,1,1,1,0,1,1,1,1
415,0,0,0,0,0,0,0,1,0,0,0,0,0,0,0,0,0,1,0,0,1970,2015,1,1,1,1,0,1,0,1,0,0,1,1,1,1,1,1,0,1,0,1,1,1,1,1,1,1,1,1,0,1,0,0,1,0,0,0,0,1,1,1,1,1,1,1,1,0,1,0,0,1,0,1,0,0,0,1,1,0,1,0,0,1,1,1,0,1,0,1,1,1,0,0,1,0,0,0,0,0,1,0,0,0,1,0,1,1,0,1,0,0,1,0,1,0,0,0,0,1,1,1
416,0,0,0,1,0,0,0,0,0,0,0,0,0,1,0,0,0,0,0,0,1800,1918,1,1,1,0,1,0,1,1,1,1,1,0,1,1,1,1,1,0,1,1,0,1,0,1,1,1,1,1,1,1,0,0,1,0,0,0,1,0,1,1,1,0,1,0,1,0,1,1,0,1,0,1,0,1,0,1,1,0,0,0,1,1,1,1,1,1,0,1,1,1,1,0,1,1,1,0,1,0,1,1,1,1,1,1,1,1,0,1,1,0,1,0,1,1,1,1,1,1,1,1
419,0,0,0,0,0,0,0,1,0,0,0,0,0,0,0,0,0,1,0,0,1970,2016,1,0,1,1,0,1,0,1,1,0,1,1,1,1,1,1,0,1,0,1,1,1,1,1,1,1,1,1,1,1,0,0,1,0,0,0,0,1,1,1,1,0,0,0,1,0,0,0,0,0,0,0,0,1,0,1,1,0,0,0,1,1,1,1,0,1,0,1,1,1,1,1,1,1,0,0,0,0,1,0,1,0,1,1,1,0,0,1,0,0,1,0,1,1,0,0,1,1,1,1
420,0,0,0,0,0,0,0,1,0,0,1,0,0,0,0,0,0,0,0,0,1800,2017,1,0,1,1,0,1,0,1,0,0,1,1,1,1,1,1,0,1,0,1,1,1,1,1,1,1,1,1,1,1,0,0,1,0,0,0,0,1,1,1,1,1,0,0,1,0,1,0,0,1,0,1,0,0,0,1,1,0,0,0,1,1,1,1,0,1,0,1,1,1,1,0,0,0,1,0,1,0,1,0,0,0,1,1,1,0,0,1,0,0,1,1,1,1,0,0,1,1,1,1
422,0,0,0,0,0,0,0,0,0,0,0,0,0,1,0,0,0,0,0,0,-1500,396,1,0,0,0,0,1,0,1,1,1,1,1,1,0,1,1,0,0,1,1,0,1,1,1,1,1,1,1,1,1,1,0,1,1,0,0,1,1,0,0,1,1,1,0,0,0,1,0,0,1,0,1,0,0,0,0,0,0,1,0,0,1,1,1,0,1,0,1,1,1,1,0,0,1,0,0,1,0,1,1,1,0,1,1,1,0,0,1,0,0,1,0,1,0,0,0,1,1,1,1
424,0,0,0,0,0,0,0,0,0,0,0,0,0,0,0,0,0,0,0,1,-550,-330,1,0,0,1,1,1,0,1,1,1,1,1,1,1,1,1,0,1,1,0,0,1,1,1,1,1,1,0,1,1,1,0,1,0,0,1,0,1,0,0,1,0,0,0,0,0,1,0,0,0,0,1,0,0,0,1,0,0,0,0,0,0,0,0,1,0,1,0,1,0,0,1,1,0,1,1,0,0,0,0,1,1,0,0,1,1,1,0,0,1,0,1,0,1,1,0,1,1,1,1
439,0,0,0,0,0,0,0,1,0,0,0,0,0,0,0,0,0,1,0,0,800,1500,0,0,1,1,0,0,0,1,1,0,0,0,1,1,0,0,0,1,0,1,1,1,1,1,1,1,1,1,1,1,0,0,1,0,0,0,0,1,0,0,0,0,0,1,0,0,1,0,0,0,0,0,0,0,0,0,0,0,0,0,0,0,0,0,0,0,0,0,0,0,0,0,0,0,0,0,0,0,0,0,0,0,0,0,1,0,0,0,0,0,0,1,0,0,0,0,1,1,1,1
440,0,0,0,0,0,0,0,1,0,0,0,0,0,0,0,0,0,1,0,0,900,1200,1,1,1,1,1,1,1,1,1,0,1,1,1,1,1,1,1,0,0,1,1,1,1,1,1,1,1,1,1,1,0,0,1,0,0,0,0,1,1,1,1,1,1,0,1,0,1,0,0,1,0,1,0,0,0,1,1,0,0,0,1,1,0,0,0,1,0,0,1,0,0,0,1,0,1,0,0,0,0,0,0,0,1,0,1,0,0,0,0,0,1,0,1,1,0,0,1,1,1,1
441,0,1,0,0,0,0,0,1,0,0,0,0,0,0,0,0,0,1,0,0,1690,2017,1,0,1,1,1,1,1,1,0,0,1,1,1,1,1,1,0,1,0,1,1,1,1,1,1,1,1,1,1,1,0,0,1,0,0,0,0,1,0,0,1,0,1,0,0,0,1,0,0,0,0,1,0,1,0,0,0,0,0,0,0,1,0,0,0,0,0,0,1,0,0,0,0,0,1,0,0,0,0,0,1,0,0,0,1,0,0,0,0,0,0,0,0,1,1,0,1,1,1,1
442,0,0,0,1,0,0,0,0,0,0,1,0,0,0,0,0,0,0,0,0,311,427,0,1,1,1,1,1,1,1,0,0,1,1,1,1,1,1,1,0,1,1,0,1,1,1,1,1,1,1,1,1,0,0,1,0,0,0,1,1,1,1,1,0,1,1,0,0,1,1,0,1,0,1,0,0,0,1,0,0,0,0,1,0,1,0,0,1,0,1,1,1,1,1,0,0,0,0,0,0,1,0,1,0,0,0,0,0,0,0,0,0,1,0,1,1,0,1,1,1,1,0
455,0,1,0,0,0,0,0,0,0,0,0,0,0,0,0,0,0,0,1,0,1292,1558,0,0,1,1,0,1,0,1,0,0,0,1,1,1,1,1,1,1,1,1,1,1,1,1,1,0,1,0,0,1,0,0,1,0,0,0,1,1,1,1,1,0,1,0,0,0,0,0,0,0,0,0,0,0,0,1,1,1,0,0,1,0,0,0,1,1,0,0,0,1,0,0,0,0,1,0,1,0,0,0,1,0,0,0,0,0,1,0,0,0,1,0,1,1,0,0,0,1,1,1
456,0,0,0,0,0,0,0,0,0,0,0,0,0,0,0,0,0,0,0,1,-165,75,1,1,1,1,1,0,1,0,1,1,1,0,1,1,1,1,1,1,1,0,0,1,1,1,1,1,1,1,1,1,1,0,1,0,0,0,1,1,1,1,1,1,1,0,1,0,1,0,0,1,0,1,0,1,0,1,1,0,1,0,1,1,1,0,1,0,0,1,1,1,1,1,1,1,1,0,0,0,1,0,1,0,0,0,0,1,0,1,1,1,1,1,1,1,1,1,1,1,1,1
469,0,0,0,0,0,0,0,0,0,0,0,0,1,0,0,0,0,0,0,0,1916,2017,1,0,1,1,0,1,1,1,0,0,1,1,1,1,1,1,0,1,1,0,1,1,1,0,0,1,1,1,0,0,0,0,0,0,0,0,1,0,0,1,1,1,1,0,1,0,1,0,0,1,0,1,0,1,0,1,0,0,1,0,1,1,1,1,1,1,0,1,1,1,1,0,0,1,1,0,1,0,1,1,1,1,1,1,1,1,0,1,1,1,1,0,1,1,0,1,0,0,0,0
472,0,1,0,0,0,0,0,0,0,0,0,0,0,0,0,0,0,1,0,0,1110,2017,1,1,1,1,0,1,1,1,0,0,1,1,1,1,1,1,0,1,0,1,1,1,1,1,1,1,1,1,1,1,1,0,1,0,1,0,0,1,0,1,1,0,1,0,0,0,1,0,0,1,0,1,0,1,0,1,1,0,0,0,0,1,0,0,0,0,0,0,1,0,0,0,1,0,1,0,0,0,0,0,1,1,1,0,0,0,0,0,1,0,0,0,1,1,1,0,1,0,1,0
476,0,0,0,0,1,0,0,0,0,0,0,0,0,0,0,0,0,0,1,0,1000,2015,1,1,1,1,0,1,1,1,1,1,1,1,1,1,1,1,0,1,1,1,0,1,1,1,1,1,1,1,1,1,1,0,1,0,0,0,1,1,0,1,1,1,1,0,1,0,1,0,0,1,0,1,0,1,0,1,1,0,1,0,1,1,1,1,0,1,0,1,1,1,1,0,1,1,1,0,1,0,1,1,1,1,1,1,1,0,1,1,1,1,1,0,1,1,1,1,1,1,1,1
477,0,0,0,1,0,0,0,0,0,0,0,0,0,1,0,0,0,0,0,0,1833,1845,1,1,1,0,0,0,1,0,0,0,1,0,0,1,0,1,1,0,1,0,0,1,0,0,1,1,1,0,1,0,0,0,1,0,0,0,1,0,0,1,1,0,0,0,0,0,0,0,0,1,0,0,0,0,0,1,0,0,0,0,0,1,0,0,0,0,0,0,1,1,0,0,0,0,0,0,0,0,0,0,0,0,1,1,1,0,0,0,0,0,1,0,1,0,0,0,1,1,1,0
478,0,1,0,0,0,0,0,0,0,0,0,0,0,0,0,0,0,1,0,0,-450,1,1,0,0,1,1,1,1,1,0,0,1,1,1,1,1,1,1,1,1,1,1,1,1,1,1,1,1,1,1,1,0,0,1,0,0,0,0,1,0,1,1,0,1,0,0,0,0,0,0,0,0,0,0,1,0,1,0,0,0,0,1,1,1,1,0,1,0,1,1,1,1,0,0,1,0,0,1,0,1,1,1,0,1,1,1,1,0,1,0,0,1,0,1,1,0,0,1,1,1,1
479,0,0,0,0,0,0,0,0,0,0,0,0,0,0,0,0,0,0,0,1,-2900,-2300,1,0,1,1,1,1,0,1,1,1,1,1,1,1,0,1,0,1,1,1,0,1,1,1,1,1,1,1,1,1,1,0,1,1,0,0,1,1,0,0,1,1,1,0,1,0,1,0,0,1,0,1,0,0,0,1,0,0,1,0,1,1,1,0,0,1,0,1,1,1,1,1,1,1,1,0,1,0,1,1,1,1,0,0,1,1,1,1,1,1,1,1,1,1,1,1,1,1,1,1
483,0,0,0,1,0,0,0,0,0,0,0,0,0,1,0,0,0,0,0,0,2015,2016,1,1,1,1,1,1,1,1,0,0,1,0,1,1,1,1,1,0,1,1,0,1,0,1,1,1,1,1,1,1,0,0,1,0,0,0,1,0,1,0,1,0,1,0,0,0,1,0,0,1,0,1,0,0,0,1,0,0,0,0,1,1,1,1,0,1,0,1,1,1,1,0,0,0,1,0,0,0,1,0,1,0,1,1,1,0,0,1,0,0,1,0,1,1,1,0,1,1,1,1
484,0,0,0,1,0,0,0,0,0,0,0,0,0,1,0,0,0,0,0,0,2015,2016,1,1,1,1,1,0,1,1,0,0,1,0,1,1,1,1,1,0,1,1,0,1,1,1,1,1,1,1,1,1,0,0,1,0,0,0,1,0,1,0,1,0,1,0,0,0,1,0,0,1,0,0,0,0,0,1,0,0,0,0,1,1,1,1,0,1,0,1,1,1,1,0,0,1,0,0,1,0,1,0,1,0,1,1,0,0,0,1,1,0,1,0,1,1,1,0,1,1,1,1
485,0,0,0,0,0,0,0,0,0,0,0,0,0,1,0,0,0,0,0,0,500,1500,1,0,0,0,0,0,0,1,0,1,1,0,1,0,0,1,0,0,0,0,1,1,1,1,1,1,1,1,1,0,1,0,1,1,0,0,0,1,0,0,1,1,0,0,0,0,1,0,0,1,0,1,0,0,0,0,0,0,0,0,0,0,0,0,0,0,0,0,0,0,1,0,1,0,0,0,0,0,0,0,0,0,0,0,0,0,0,0,0,0,0,0,0,0,0,0,1,0,1,0
486,0,0,0,1,0,0,0,0,0,0,0,0,0,0,1,0,0,0,0,0,1830,1951,1,1,1,1,0,1,0,1,0,0,1,1,1,1,1,1,1,0,1,0,0,1,1,1,1,1,1,1,1,1,0,0,0,0,0,0,1,0,1,1,1,0,1,0,1,0,0,0,0,1,0,1,0,1,0,1,1,0,1,0,1,1,1,1,0,1,0,1,1,1,1,0,0,1,0,0,1,0,1,1,0,1,1,1,1,0,0,1,1,0,1,0,1,1,0,0,1,0,0,0
490,0,0,0,1,0,0,0,0,0,0,0,0,0,1,0,0,0,0,0,0,1260,1302,1,1,1,1,0,0,0,1,1,0,1,0,1,1,1,1,0,0,1,0,0,1,1,1,1,1,1,1,1,1,0,0,1,1,0,0,1,1,1,0,1,1,1,0,1,0,1,0,0,1,0,1,0,0,0,1,1,0,1,0,0,1,1,0,0,0,0,1,1,1,1,0,1,0,0,0,0,0,1,0,1,0,1,0,0,0,0,0,0,0,1,0,1,0,0,0,1,1,1,1
491,0,0,0,1,0,0,0,0,0,0,1,0,0,0,0,0,0,0,0,0,1530,2017,1,1,1,1,1,1,1,1,1,0,1,1,1,1,1,1,1,0,1,1,0,1,0,0,1,1,1,1,1,0,0,0,1,0,0,0,1,0,1,1,1,0,1,0,0,0,0,0,0,1,0,1,0,1,0,1,0,0,0,0,1,1,1,1,1,1,0,1,1,1,1,1,1,1,1,0,1,0,1,1,1,1,1,1,1,1,0,1,1,1,1,0,1,1,1,1,1,0,0,0
492,0,0,0,0,0,0,0,0,0,0,0,0,0,1,0,0,0,0,0,0,-800,380,1,0,0,0,1,0,1,1,1,1,1,0,1,0,1,1,0,0,1,1,0,1,1,1,1,1,1,1,1,0,1,0,1,0,0,0,1,1,0,1,1,1,0,0,0,0,1,0,0,1,0,1,0,0,0,0,1,0,0,0,1,1,1,1,0,1,0,1,1,1,1,0,0,0,0,0,1,0,1,0,0,0,1,1,1,0,0,1,0,0,1,0,1,1,0,0,1,1,1,1
493,0,0,0,0,0,0,0,1,0,0,0,0,0,0,0,0,0,1,0,0,1858,2017,1,0,1,1,1,1,1,1,0,0,1,1,1,1,1,1,0,1,1,1,1,1,1,1,1,1,1,1,1,1,0,0,1,0,0,0,1,1,0,1,1,1,1,0,1,0,1,0,0,1,0,1,0,1,0,1,0,0,1,0,1,1,1,1,0,1,0,1,1,1,1,0,1,1,0,0,1,0,1,0,1,0,1,1,1,0,0,1,1,0,1,0,1,1,0,0,1,1,1,1
520,0,0,0,0,0,0,0,1,0,0,0,0,0,0,0,0,0,0,1,0,1600,2015,1,1,1,1,1,1,0,1,1,1,1,1,1,1,1,1,0,1,0,1,1,1,1,1,1,1,1,1,1,1,1,1,1,1,1,1,0,1,0,0,1,1,1,0,1,0,1,0,0,1,0,1,0,1,0,1,1,0,1,0,1,1,1,1,0,1,0,1,1,1,1,1,1,1,1,0,1,0,1,0,1,1,1,1,1,1,1,1,1,1,1,1,1,1,1,1,1,1,1,1
525,0,0,0,1,0,0,0,0,0,0,1,0,0,0,0,0,0,0,0,0,1951,2018,1,1,1,1,0,1,1,1,0,0,1,1,1,1,1,1,1,0,1,1,0,1,1,1,1,1,1,1,1,1,0,0,1,0,0,0,1,1,1,1,1,0,1,0,0,0,0,0,0,1,0,1,0,1,0,1,1,0,1,0,1,1,1,1,0,1,0,1,1,1,1,0,0,1,0,0,1,0,1,1,1,1,1,1,1,0,0,1,1,0,1,0,1,1,1,0,1,0,0,0
526,0,0,0,1,0,0,0,0,0,0,0,0,0,0,0,0,0,0,1,0,1900,2018,1,1,1,1,1,1,1,0,0,1,1,0,0,1,0,1,1,1,1,1,0,1,0,1,1,1,1,1,1,1,0,0,1,0,0,0,0,0,1,0,1,0,1,0,1,0,1,0,0,1,0,1,0,1,0,1,0,0,1,0,1,1,1,1,0,1,0,1,1,1,1,0,1,0,1,0,0,0,1,1,1,1,1,1,1,0,1,1,1,0,1,0,1,1,1,1,1,1,1,1
534,0,0,0,0,0,0,0,0,0,0,0,0,0,1,0,0,0,0,0,0,-42,518,1,1,0,0,1,1,1,1,1,1,1,1,1,0,1,1,0,0,1,1,0,1,1,1,1,1,1,1,1,1,1,0,1,1,0,1,1,1,1,1,1,1,1,0,1,0,1,0,0,1,0,1,0,1,0,1,1,0,1,0,1,1,0,1,1,1,1,0,1,1,1,1,1,1,0,1,1,0,1,1,1,1,1,1,1,1,1,1,1,1,1,1,1,1,1,1,1,1,1,1
535,0,0,0,0,0,0,0,1,0,0,0,0,0,0,0,0,0,1,0,0,200,1200,0,1,1,1,1,1,1,1,1,0,1,1,1,1,1,1,1,1,1,1,1,1,1,1,1,1,1,1,1,1,0,0,1,0,1,0,1,1,0,1,1,1,1,1,1,0,1,1,0,1,0,0,1,0,0,1,1,0,1,0,1,1,1,1,0,1,0,1,1,1,1,0,1,0,0,0,1,0,1,1,1,0,1,0,1,0,0,1,0,0,1,0,1,0,0,0,1,1,1,1
562,0,0,0,0,0,0,0,1,0,0,0,0,0,0,0,0,0,1,0,0,1017,1445,0,0,1,1,1,0,1,1,1,1,1,0,1,1,1,1,1,1,1,1,1,1,0,1,1,1,1,1,1,1,0,0,1,0,0,0,0,1,0,1,1,0,0,0,0,0,1,0,0,1,0,1,0,0,0,1,0,0,0,1,0,1,0,0,0,1,0,1,1,1,0,0,0,0,1,0,0,0,0,0,1,0,1,0,1,0,1,0,0,0,1,0,1,1,0,0,1,1,1,1
563,0,0,0,0,0,0,0,1,0,0,0,0,0,0,0,0,0,1,0,0,1845,2018,1,0,1,0,0,0,1,1,0,0,1,0,1,1,0,1,0,1,0,1,1,1,1,1,1,1,1,1,1,1,0,0,1,0,0,0,0,1,0,1,1,0,1,0,0,0,1,0,0,1,0,1,0,0,0,0,0,0,0,0,0,0,0,1,0,1,0,1,1,0,0,0,1,1,0,0,1,0,1,0,1,0,1,0,1,0,0,0,0,0,0,0,0,0,0,0,1,1,1,1
564,0,0,0,1,0,0,0,0,0,0,0,0,0,0,0,0,0,1,0,0,1950,2018,1,1,1,1,1,1,1,1,0,0,1,0,1,1,1,1,1,1,1,1,0,1,0,1,1,1,1,1,1,1,0,0,1,0,0,0,1,0,1,1,1,0,1,1,0,0,1,1,0,1,0,1,0,1,0,1,0,0,0,0,1,1,1,1,0,1,0,1,0,0,1,0,0,1,1,0,1,0,1,0,1,1,1,0,1,0,1,1,1,0,0,0,0,1,1,0,1,1,1,1
567,0,0,0,0,0,0,0,0,0,0,0,0,0,1,0,0,0,0,0,0,2001,2024,1,0,1,1,0,0,1,1,1,0,1,0,1,1,1,1,1,1,1,1,1,1,1,1,1,1,1,1,1,1,1,0,1,0,0,0,0,1,1,1,1,1,1,0,1,0,0,0,0,1,0,0,0,1,0,1,1,0,1,0,1,1,1,1,0,1,0,1,1,0,1,0,1,1,1,0,1,0,1,0,1,1,1,1,1,0,0,0,0,0,1,1,1,1,1,1,1,1,1,1
570,0,1,0,1,0,0,0,1,0,0,0,0,0,0,0,0,0,0,1,0,1986,2018,1,0,1,0,1,0,1,1,0,1,1,0,0,1,1,1,0,1,1,1,1,1,0,1,1,1,1,1,0,1,0,0,1,0,0,0,1,1,1,1,1,0,0,1,1,0,0,0,0,1,0,0,0,1,0,1,1,0,0,0,1,1,1,1,1,1,0,1,1,0,1,0,0,0,0,0,0,0,1,0,1,1,1,1,1,0,0,1,1,0,0,0,0,1,1,1,0,0,0,0
576,0,1,0,0,0,0,0,0,0,0,0,0,0,0,0,0,0,0,1,0,1000,2018,1,1,1,1,0,1,0,1,0,0,1,1,1,1,1,1,0,1,1,1,1,1,1,1,1,1,1,1,1,1,1,0,1,0,0,0,1,1,0,1,1,1,1,0,1,0,1,0,0,1,0,1,0,1,0,1,1,1,1,1,1,1,1,1,0,1,0,1,1,1,1,0,1,1,0,0,0,0,1,0,0,0,0,0,0,0,0,1,0,0,1,1,1,1,0,0,1,1,1,1
580,0,0,0,0,0,0,0,1,0,0,0,0,0,0,0,0,0,1,0,0,1700,2018,1,0,1,1,1,0,1,1,1,0,1,0,1,1,1,1,0,1,1,1,1,1,1,0,1,1,1,0,1,0,0,0,1,0,0,0,0,1,0,0,1,1,0,0,1,0,1,0,0,1,1,1,0,0,0,1,0,0,1,1,1,1,1,1,0,1,0,1,1,1,1,0,1,1,0,0,0,0,1,0,0,0,0,1,1,0,0,1,0,0,1,0,1,1,0,0,1,1,1,1
581,0,0,0,0,0,0,0,0,0,0,0,0,0,0,0,0,0,0,1,0,1970,2018,1,1,0,0,0,0,1,0,0,0,1,0,1,0,1,1,0,0,1,1,0,1,1,1,1,1,1,1,1,1,1,0,1,0,0,0,1,1,0,1,1,1,1,0,1,0,0,0,0,1,0,1,0,1,0,1,1,0,1,1,1,1,1,1,0,1,0,1,1,1,1,0,1,1,0,0,1,0,1,0,0,0,0,0,0,0,0,1,0,1,1,0,1,1,1,0,1,1,0,1
586,0,1,0,0,0,0,0,0,0,0,0,0,0,0,0,0,0,0,1,0,1900,2017,1,0,0,0,0,1,0,1,0,0,1,1,1,0,1,1,0,0,0,1,1,1,1,1,1,1,1,1,0,1,0,0,1,0,0,1,0,1,1,1,1,1,1,0,1,0,0,0,0,1,0,0,0,1,0,1,1,0,0,0,1,1,1,1,0,1,0,1,1,1,1,0,1,0,1,0,1,0,1,1,1,0,1,0,0,0,0,1,0,0,1,0,1,0,0,0,0,1,1,1
590,1,0,0,0,0,0,0,0,0,0,0,0,1,0,0,0,0,0,0,0,670,712,1,0,1,1,0,1,1,1,1,0,1,1,1,1,1,1,0,0,1,1,1,1,1,1,1,1,0,1,1,1,1,0,1,0,0,0,1,1,0,1,0,0,0,0,1,0,1,1,0,1,0,1,0,0,0,1,1,1,1,0,1,0,1,0,1,1,0,1,1,1,0,0,0,1,1,0,1,0,1,1,1,1,1,0,1,1,0,1,1,0,1,0,1,1,0,1,1,1,1,1
592,0,0,0,0,0,0,0,1,0,0,0,0,0,0,0,0,0,1,0,0,1200,2018,1,0,0,1,0,1,1,1,0,0,1,1,1,1,1,1,0,1,1,1,1,1,1,1,1,1,1,1,1,0,1,0,1,0,1,0,0,1,0,1,1,1,1,0,1,0,1,0,0,0,0,0,0,0,0,1,1,0,0,0,0,1,0,0,0,0,0,0,1,1,0,0,0,0,1,0,1,0,0,0,1,0,1,1,0,0,0,0,1,0,1,0,1,1,0,0,1,1,1,1
597,1,0,0,0,0,0,0,0,0,0,0,0,1,0,0,0,0,0,0,0,-600,-200,1,0,1,1,0,1,1,0,0,0,1,1,1,1,1,1,1,1,1,1,0,1,0,1,1,1,1,1,0,1,1,0,1,0,0,1,1,1,0,1,1,0,0,0,0,0,1,0,0,1,0,1,0,0,0,1,0,0,0,0,0,0,0,0,0,0,0,0,0,1,0,0,0,0,0,0,0,0,0,0,0,0,0,0,0,0,0,0,0,0,1,0,1,0,0,0,0,0,1,0
605,0,1,0,0,0,0,0,0,0,0,0,0,0,0,0,0,0,0,1,0,1940,1965,1,0,1,1,1,1,1,1,0,0,1,1,1,1,0,0,0,1,1,1,1,1,1,0,1,1,1,1,0,0,0,0,1,0,0,0,1,1,0,1,1,1,1,0,1,0,1,0,0,1,0,1,0,0,0,1,1,1,1,0,1,1,1,1,0,1,0,1,1,1,1,0,1,0,0,0,0,0,1,0,1,0,1,1,1,0,0,1,0,0,1,0,1,0,0,0,0,0,1,0
607,1,0,0,0,0,0,0,0,0,0,0,0,1,0,0,0,0,0,0,0,-400,-200,1,0,0,0,0,0,1,0,0,0,1,0,0,0,1,0,1,0,1,1,0,1,0,1,1,1,0,1,1,1,0,0,1,1,0,0,1,1,0,0,1,0,1,0,0,0,1,0,0,1,0,1,0,0,0,1,0,0,1,0,1,1,1,0,0,1,0,1,1,1,1,0,0,1,0,0,1,0,0,0,0,0,0,0,1,0,0,1,0,0,0,0,0,1,0,0,1,1,1,1
608,0,0,0,0,1,0,0,0,0,0,0,0,0,0,0,0,0,0,0,1,1926,1955,1,1,1,1,1,1,1,1,1,1,1,1,1,1,1,1,1,0,1,1,0,1,1,1,1,1,1,1,1,1,0,0,1,0,0,0,1,0,1,1,1,1,1,0,1,0,1,0,0,1,0,1,0,1,0,1,1,0,0,0,1,1,1,1,1,1,0,1,1,1,1,1,1,1,1,0,1,0,1,0,1,0,1,1,1,1,0,1,1,0,1,0,1,1,0,0,1,1,1,1
614,0,0,0,0,0,0,0,0,1,0,1,0,0,0,0,0,0,0,0,0,1925,1960,1,0,0,0,0,0,0,0,0,0,1,0,1,0,0,0,0,0,1,1,0,1,1,1,1,1,1,1,1,0,1,0,1,1,0,0,1,1,0,0,1,0,1,0,0,0,1,0,0,0,0,0,0,0,0,0,0,0,0,0,1,0,1,1,0,1,0,1,1,1,1,0,1,1,0,0,1,0,1,0,0,0,1,0,1,0,0,0,0,0,1,0,1,0,0,0,1,1,1,1
618,0,0,0,0,0,1,0,0,0,0,0,0,0,0,1,0,0,0,0,0,1860,1890,1,0,0,0,1,0,0,1,0,0,1,0,1,0,0,1,0,0,1,1,1,1,1,0,1,1,1,1,1,0,1,0,1,1,0,0,1,1,0,0,1,1,0,0,1,0,1,0,0,0,0,1,0,0,0,1,0,0,1,0,1,1,1,1,0,1,0,1,1,0,1,0,1,1,0,0,0,0,1,0,0,0,1,1,0,0,0,1,0,0,1,0,1,0,0,0,1,0,1,0
623,0,0,0,0,0,0,0,1,0,0,0,0,0,0,1,0,0,0,0,0,1893,2020,1,0,1,1,1,1,0,1,0,0,1,1,1,1,1,0,0,0,1,1,0,1,1,1,1,1,0,0,1,1,0,0,1,0,0,0,1,1,0,0,1,1,1,0,1,0,1,0,0,0,0,0,0,0,0,0,1,0,0,0,1,1,1,1,0,1,0,1,1,1,1,0,0,1,1,0,1,0,1,0,1,0,1,1,1,0,0,1,1,0,1,0,1,0,0,0,1,1,1,1
624,0,0,0,0,1,0,0,1,0,0,0,0,0,0,0,0,0,1,0,0,1550,1640,1,1,1,1,1,0,1,0,1,1,1,0,1,1,1,1,1,1,1,1,1,1,1,1,1,1,1,1,1,1,0,0,1,0,0,0,1,1,1,1,1,1,1,1,1,0,1,0,0,1,0,1,0,1,0,1,1,0,1,0,1,1,1,1,0,1,1,1,1,1,1,0,1,0,1,1,0,0,1,0,1,0,1,0,1,0,0,1,1,0,1,0,1,0,1,0,1,1,1,1
626,0,0,0,0,0,0,1,0,0,0,0,0,0,0,0,0,1,0,0,0,1907,1935,1,0,0,0,0,0,0,1,0,0,1,0,1,0,0,1,0,0,1,1,0,1,1,1,1,1,1,0,1,0,1,0,1,0,0,0,1,1,0,1,1,0,1,0,0,0,0,0,0,0,0,0,0,1,0,0,0,0,0,0,1,1,1,1,0,1,0,1,1,1,1,0,1,1,0,0,0,0,1,0,0,0,1,1,1,0,0,1,0,0,1,0,1,0,0,0,1,1,1,1
627,0,0,0,0,0,0,0,0,0,0,0,0,0,1,0,0,0,0,0,0,1905,1935,1,0,0,0,0,1,0,0,1,0,1,1,1,0,0,1,0,0,1,1,0,1,1,0,1,1,1,1,0,0,0,0,1,0,0,0,1,1,0,0,1,0,0,0,0,0,0,0,0,1,0,1,0,0,0,0,0,0,0,0,0,1,1,0,0,0,0,1,1,1,1,0,1,1,0,0,0,0,1,0,0,0,1,0,1,0,0,0,0,0,1,0,1,0,0,0,0,1,1,1
629,0,1,0,0,0,0,0,1,0,0,0,0,0,0,0,0,0,1,0,0,1200,2018,1,0,1,1,0,1,1,1,0,0,1,0,1,1,1,1,0,1,1,1,1,1,1,1,1,1,1,1,0,1,0,0,1,0,0,1,1,1,0,1,1,0,0,0,1,0,1,0,0,1,0,1,0,1,0,1,1,0,0,0,1,1,1,1,0,1,0,1,1,1,1,0,0,0,1,0,1,0,1,0,1,0,1,1,1,0,0,1,0,0,1,0,1,1,0,0,0,1,1,1
632,0,0,0,0,0,0,0,0,0,0,0,0,0,1,0,0,0,0,0,0,-650,-409,1,0,0,0,0,1,0,1,1,1,1,1,1,0,0,1,0,0,1,1,0,1,1,1,1,1,1,1,1,1,1,1,1,1,0,0,1,1,0,0,0,0,0,0,0,0,1,0,0,0,0,1,0,0,0,0,0,0,0,0,0,0,0,0,0,0,0,0,0,0,1,0,0,0,0,0,0,0,0,0,1,0,0,0,0,0,0,0,0,0,1,0,1,0,0,0,1,1,1,1
633,0,0,0,0,0,0,0,1,0,0,0,0,0,0,0,0,0,1,0,0,1238,2018,1,0,1,1,0,0,1,1,0,0,1,0,1,1,1,1,0,0,0,1,1,1,0,1,1,1,1,1,1,1,0,0,1,1,0,0,0,0,1,0,1,0,0,0,0,0,0,0,0,0,0,0,0,0,0,0,1,0,0,0,0,1,0,0,0,0,0,0,1,0,0,0,0,0,0,0,0,0,0,0,1,0,1,1,0,0,0,0,1,0,0,0,0,1,0,1,1,1,1,1
635,0,0,0,0,0,0,0,0,0,0,0,0,0,0,0,0,0,0,1,0,1890,1920,1,0,0,0,0,0,0,0,0,1,1,0,1,0,0,1,0,0,1,1,0,1,1,1,1,1,1,1,0,1,1,0,1,0,0,1,1,1,0,1,1,1,0,0,1,0,0,0,0,1,0,0,0,1,0,0,1,0,1,0,0,1,1,1,0,1,0,1,1,1,0,0,1,0,0,0,0,0,1,0,0,0,1,0,0,0,0,1,0,0,1,0,1,0,0,0,0,1,1,1
636,0,0,0,0,0,0,0,1,0,0,0,0,0,0,0,0,0,0,1,0,1500,2018,1,1,1,1,1,1,1,1,0,0,1,1,1,1,1,1,0,0,0,1,1,1,1,1,1,1,1,1,1,1,0,0,1,0,0,0,0,1,0,0,1,1,1,0,1,0,1,0,0,1,0,1,0,0,0,1,0,0,0,0,1,1,1,1,1,1,0,1,1,1,1,0,0,0,1,0,1,0,1,1,1,0,1,1,1,0,0,1,0,0,1,0,1,1,0,0,1,1,1,1
637,0,0,0,0,0,0,1,0,0,0,0,0,0,0,0,0,1,0,0,0,1900,1924,1,0,0,0,0,0,0,0,0,0,1,0,1,0,0,0,0,0,1,1,0,1,1,1,1,1,1,0,1,1,0,0,1,0,0,0,0,1,0,1,1,1,0,0,1,0,0,0,0,0,0,0,0,1,0,0,1,0,0,0,0,1,1,1,0,1,0,1,1,1,0,0,1,0,0,0,0,0,1,0,0,0,1,1,1,0,0,0,0,0,0,0,1,0,0,0,1,1,1,1
639,0,1,0,0,0,0,0,0,0,0,0,0,1,0,0,0,0,0,0,0,716,900,1,1,1,1,0,1,1,1,1,1,1,1,1,1,1,1,1,1,1,1,1,0,1,1,1,1,0,1,1,1,1,0,1,0,0,0,1,1,1,1,1,1,1,0,1,0,1,0,0,1,0,1,1,1,0,1,1,1,1,0,0,1,1,0,1,0,0,1,1,1,0,1,1,0,1,0,1,0,1,1,1,1,1,0,1,1,1,0,1,1,1,1,1,1,1,1,1,1,1,1
645,0,0,0,0,1,0,0,1,0,0,0,0,0,0,0,0,0,1,0,0,1100,2020,1,0,1,1,0,1,0,0,0,0,1,1,1,1,1,0,0,0,1,1,0,0,1,1,1,1,0,1,1,1,0,0,1,0,0,0,1,1,0,1,1,1,0,0,0,0,1,0,0,1,0,1,0,1,0,1,1,0,0,0,1,1,1,1,0,1,0,1,1,1,1,0,1,1,0,0,1,0,1,1,1,0,1,0,1,0,0,1,0,0,1,0,1,0,0,0,1,1,1,1
646,0,0,0,0,0,1,0,0,0,0,0,0,0,0,1,0,0,0,0,0,1889,2018,1,0,1,0,1,0,1,1,0,0,1,1,1,1,0,1,0,1,1,1,1,1,1,1,1,1,1,1,0,1,0,0,1,0,0,0,1,1,1,0,1,1,1,0,0,0,1,0,0,1,0,1,0,0,0,1,1,0,0,0,1,0,1,1,0,1,0,1,1,0,1,0,0,1,0,0,0,0,1,1,0,0,1,1,1,0,1,1,0,0,1,0,1,0,0,0,0,1,1,0
649,0,0,0,0,0,0,0,1,0,0,0,0,0,0,0,0,0,1,0,0,700,2019,1,0,1,0,0,1,1,1,1,0,1,1,1,1,0,1,0,1,0,1,1,1,1,0,1,1,1,1,1,0,0,0,0,0,0,0,0,1,0,0,0,0,0,0,0,0,0,0,0,0,0,1,0,0,0,0,0,0,0,0,0,1,1,1,0,1,0,1,1,0,0,0,0,1,0,0,0,0,1,0,1,0,0,0,0,0,0,0,0,0,1,0,0,1,0,0,1,0,0,0
650,0,0,0,0,0,0,0,0,0,0,0,0,0,0,0,1,0,0,0,0,1918,1945,1,0,0,0,0,0,0,0,0,0,1,0,1,0,0,0,0,0,1,1,0,1,1,1,1,1,1,1,0,1,0,0,0,0,0,0,1,1,0,1,1,1,0,0,1,0,0,0,0,0,0,0,0,1,0,0,0,0,0,0,1,1,1,1,0,1,0,1,1,1,1,0,0,1,0,0,1,0,1,0,0,0,1,1,1,0,0,1,0,0,1,0,1,0,0,0,0,1,1,1
654,0,0,0,1,0,0,0,0,0,0,0,0,0,1,0,0,0,0,0,0,1198,1250,1,1,1,1,1,1,1,1,1,1,1,1,1,1,1,1,1,0,1,1,0,1,1,1,1,1,1,1,1,1,0,0,1,0,0,0,1,1,1,1,1,1,1,0,1,0,1,0,0,1,0,1,0,0,0,1,1,1,1,0,1,1,1,1,1,1,0,1,1,1,1,1,1,1,1,0,1,0,1,1,1,1,1,1,1,1,0,1,1,1,1,1,1,1,1,1,1,1,1,1
658,0,0,0,0,0,0,1,0,0,0,0,0,0,0,0,0,1,0,0,0,1925,1951,1,0,0,0,0,0,0,0,1,0,1,0,1,0,0,1,0,0,1,1,0,1,1,0,1,1,1,1,1,0,1,0,1,0,0,0,1,1,0,0,1,1,0,0,1,0,0,0,0,0,0,0,0,1,0,0,1,0,0,0,1,1,1,1,0,1,0,1,1,1,1,0,1,1,0,0,1,0,1,0,0,0,1,1,1,0,0,1,0,0,1,0,1,0,0,0,1,1,1,1
661,0,0,0,1,0,0,0,0,0,0,0,0,0,1,0,0,0,0,0,0,1113,1147,0,1,1,1,0,1,1,1,1,0,1,1,1,1,1,1,1,0,1,1,0,1,1,1,1,1,1,1,1,1,0,0,1,0,0,0,1,1,1,1,1,1,1,0,1,0,1,0,0,1,0,1,0,0,0,1,1,1,1,0,1,1,1,1,1,0,0,1,1,1,1,1,1,0,1,0,1,0,1,1,1,1,1,1,1,1,0,1,1,0,1,0,1,1,1,1,1,1,1,1
666,0,0,0,0,0,0,0,0,0,0,0,0,0,0,0,1,0,0,0,0,1914,1939,1,0,0,0,1,0,0,1,1,0,1,1,1,0,0,1,0,0,0,1,0,1,1,1,1,1,1,1,0,1,0,0,1,0,0,0,0,1,0,0,1,0,0,0,1,0,0,0,0,0,0,0,0,1,0,0,0,0,0,0,1,1,1,1,0,1,0,1,1,1,1,0,1,1,0,0,1,0,1,1,0,0,1,1,1,0,0,1,0,0,1,0,1,0,0,0,0,1,1,1
674,0,0,0,0,0,0,1,0,0,0,0,0,0,0,0,0,1,0,0,0,1915,1940,1,0,0,0,0,0,0,0,1,0,1,1,1,0,0,1,0,0,1,1,0,1,1,1,1,1,1,1,1,1,0,0,1,1,0,1,1,1,0,0,1,0,0,0,0,0,0,0,0,1,0,1,0,1,0,0,1,0,0,0,1,1,1,1,0,1,0,1,1,1,1,0,1,1,0,0,1,0,1,0,1,0,1,1,1,0,0,1,0,0,1,0,1,0,0,0,1,1,1,1
676,0,0,0,1,0,0,0,0,0,0,0,0,0,1,0,0,0,0,0,0,1198,1500,1,1,1,1,0,1,1,1,1,0,1,1,1,1,1,1,1,0,1,1,0,1,1,1,1,1,1,1,1,1,0,0,1,0,0,0,1,1,1,1,1,1,1,1,1,0,1,1,0,1,0,1,0,0,0,1,1,1,1,0,0,1,1,1,1,1,0,1,1,1,1,0,1,0,1,0,1,0,1,0,1,0,1,1,1,1,0,0,1,0,1,0,1,1,0,1,1,1,1,1
679,0,0,0,0,0,0,0,1,0,0,0,0,0,0,0,0,0,1,0,0,1915,1940,1,1,0,0,0,0,0,1,1,0,1,0,1,0,0,1,0,0,0,1,1,1,1,1,1,1,1,1,1,1,1,0,1,0,0,1,0,1,0,1,1,1,1,0,1,0,0,0,0,0,0,0,0,1,0,0,0,0,0,0,1,1,1,1,0,1,0,1,1,1,1,1,1,0,0,0,1,0,1,0,1,0,1,1,1,1,0,1,0,0,1,0,1,1,1,0,1,1,1,1
680,0,0,0,0,0,0,0,1,0,0,0,0,0,0,0,0,0,1,0,0,1850,2019,1,0,1,0,1,1,1,1,0,0,1,1,1,1,1,1,0,1,0,1,1,1,0,1,1,1,1,1,1,1,0,0,1,0,0,0,0,1,0,0,1,0,1,0,0,0,0,0,0,0,0,0,0,0,0,1,0,0,0,0,1,1,1,1,0,1,0,1,1,1,1,0,0,1,0,0,0,0,1,0,1,0,1,1,1,0,0,1,1,0,1,0,1,0,0,0,1,1,1,1
681,0,0,0,0,0,0,0,0,0,0,0,0,0,0,0,0,0,0,0,1,-2350,-2150,1,0,0,0,1,1,0,1,1,1,1,1,1,0,0,1,0,0,1,1,0,1,1,1,1,1,1,0,1,1,1,0,1,1,0,1,0,1,0,0,0,0,1,0,0,0,1,0,0,1,0,1,0,0,0,0,0,0,0,0,0,0,0,0,0,0,0,0,1,0,0,1,1,0,0,1,0,0,0,0,1,0,0,0,0,1,1,0,0,1,1,1,1,1,1,0,1,1,1,1
688,0,0,0,0,1,0,0,1,0,0,0,0,0,0,0,0,0,1,0,0,1866,2019,0,1,1,1,0,0,1,0,0,0,1,1,1,1,1,1,1,1,1,1,1,1,1,1,1,1,1,1,1,1,0,0,1,0,0,0,1,1,1,1,1,0,0,0,1,0,1,0,0,1,0,1,0,0,0,1,1,0,0,0,1,1,1,0,0,1,0,1,1,1,0,0,0,1,1,0,1,0,1,0,1,0,0,0,0,0,0,0,0,0,1,0,1,1,0,0,1,0,1,0
690,0,0,0,0,1,0,0,1,0,0,0,0,0,0,0,0,0,1,0,0,1880,2019,1,1,1,1,0,1,1,1,0,0,1,0,1,1,1,1,1,0,1,0,0,1,1,1,1,1,1,1,1,1,1,0,1,0,0,0,1,1,1,1,1,0,0,0,0,0,1,0,0,1,0,1,0,0,0,1,1,0,0,0,1,1,1,1,1,1,0,1,1,1,1,1,0,1,1,0,1,0,1,0,1,0,1,1,0,1,0,1,1,0,1,0,1,1,1,0,1,0,1,0
711,0,0,0,0,0,0,0,0,0,0,0,0,0,0,0,1,0,0,0,0,1912,1937,1,0,0,0,1,0,1,0,1,1,1,1,1,0,1,0,0,0,1,1,0,1,1,1,1,1,1,1,0,1,0,0,1,0,0,0,0,1,0,0,1,1,1,0,1,0,0,0,0,0,0,1,0,1,0,0,0,0,0,0,1,1,1,1,0,1,0,1,1,1,1,0,1,1,0,0,1,0,1,0,0,0,1,1,1,0,0,1,0,0,1,0,1,0,0,0,0,1,0,1
714,0,0,0,0,0,0,0,1,0,0,0,0,0,0,0,0,0,1,0,0,550,850,1,1,1,1,1,1,1,1,1,0,1,1,1,1,1,1,1,1,0,1,1,1,1,1,1,1,1,0,1,1,0,0,1,0,1,0,0,1,1,1,1,1,1,0,1,0,1,0,0,1,0,1,0,1,0,1,1,0,1,0,0,0,0,1,1,1,0,0,1,0,0,0,1,1,1,0,0,0,1,1,1,0,0,0,1,1,1,0,0,1,0,1,0,1,0,0,1,1,1,1
719,0,0,0,0,0,0,0,1,0,0,0,0,0,0,1,0,0,0,0,0,1845,2018,1,0,1,1,0,1,0,1,1,0,1,0,1,1,0,1,0,1,0,1,1,1,1,0,1,1,1,1,1,0,0,0,1,0,0,0,0,1,0,0,1,0,0,0,0,0,0,0,0,0,0,0,0,0,0,0,0,0,0,0,1,1,1,1,0,1,0,1,1,1,1,0,0,1,0,0,1,0,1,1,1,0,1,1,1,0,0,1,0,0,1,0,1,1,0,0,1,0,0,0
722,0,0,0,0,0,1,0,0,0,0,0,0,0,0,1,0,0,0,0,0,1835,1885,1,0,0,0,0,1,0,1,1,1,1,1,1,0,0,1,0,0,1,1,0,1,1,1,1,1,1,1,1,1,1,0,1,0,0,1,1,1,0,0,1,1,0,0,1,0,0,0,0,0,0,1,0,1,0,1,1,0,1,0,1,1,1,1,0,1,0,1,1,1,1,0,1,1,0,0,0,0,1,0,1,1,1,1,1,0,0,1,0,0,1,0,1,1,0,0,1,1,1,1
726,0,1,0,0,0,0,0,1,0,0,0,0,0,0,0,0,0,1,0,0,-700,500,0,1,0,0,0,0,1,0,0,0,1,0,0,0,0,1,0,0,0,1,1,1,1,0,1,1,1,1,0,0,0,0,1,0,0,0,0,1,1,1,1,1,0,1,1,0,1,1,0,1,1,1,0,0,0,1,1,1,1,0,0,0,1,0,1,1,0,1,0,0,0,0,0,0,0,0,0,0,0,0,0,0,0,0,0,1,1,0,0,0,0,0,0,0,0,0,0,0,1,0
727,0,0,0,0,0,0,0,0,0,0,0,0,0,0,0,0,0,0,1,0,1160,2017,1,0,1,0,0,1,1,0,0,0,1,1,1,1,1,1,0,1,1,1,1,1,1,1,1,1,1,1,1,1,1,0,1,0,0,0,1,1,0,1,1,1,1,0,0,0,1,0,0,1,0,1,0,1,0,1,1,0,1,0,0,1,1,1,0,1,0,1,1,1,0,0,1,1,0,0,1,0,1,1,0,1,1,0,1,0,1,0,1,1,1,0,1,1,0,1,1,1,1,1
738,0,0,0,0,0,0,0,0,1,0,1,0,0,0,0,0,0,0,0,0,-3000,300,1,0,1,0,0,1,1,1,1,1,1,1,1,1,0,1,0,1,1,1,0,1,1,1,1,1,1,1,1,1,1,1,1,1,1,0,1,1,0,0,1,1,1,0,1,0,1,0,0,1,0,1,0,1,0,1,0,0,1,0,1,0,1,1,0,1,0,1,1,1,0,1,1,1,1,0,1,0,1,1,1,0,0,0,1,1,1,1,0,1,0,1,0,1,0,0,1,1,1,1
739,0,0,0,0,0,0,0,0,0,0,0,0,0,0,0,1,0,0,0,0,1885,1910,1,0,0,0,1,0,1,1,1,1,1,0,1,0,1,1,0,0,1,1,0,1,1,1,1,1,1,1,0,0,1,0,1,0,0,0,1,1,1,0,1,0,0,0,1,0,1,0,0,0,0,1,0,1,0,0,1,0,1,0,0,0,0,0,0,0,0,0,0,0,0,0,1,0,0,0,0,0,0,0,1,0,0,0,0,0,0,0,0,0,0,0,0,0,0,0,0,1,1,1
742,0,1,0,0,0,0,0,0,0,0,0,0,0,0,0,0,0,0,1,0,2003,2020,0,0,1,0,1,1,0,1,0,0,1,1,1,1,1,1,1,1,1,0,1,1,1,0,0,1,1,0,0,0,0,0,0,0,0,0,1,0,1,1,1,0,0,0,1,0,1,0,0,1,0,1,0,0,0,1,1,1,1,0,1,1,1,1,1,1,0,1,1,1,1,0,0,0,1,0,1,0,1,1,1,0,1,1,1,0,1,1,0,0,1,0,1,1,0,0,0,0,0,0
745,0,0,0,0,0,0,0,0,0,0,0,0,0,0,0,1,0,0,0,0,1860,1885,0,0,0,0,1,0,1,0,1,1,1,1,1,0,0,1,0,0,1,1,0,1,1,1,1,1,1,1,0,1,1,0,1,0,0,0,0,1,0,0,1,1,0,0,1,0,0,0,0,1,0,1,0,1,0,0,1,0,0,1,0,0,0,0,0,0,0,0,0,0,0,0,1,0,0,0,0,0,0,0,0,0,0,0,0,1,0,0,0,0,0,0,0,0,1,0,0,1,1,1
749,0,0,0,0,0,0,0,0,0,0,0,0,1,0,0,0,0,0,0,0,1800,2020,1,0,0,0,0,0,0,1,0,0,1,0,1,0,1,1,0,0,1,1,1,1,1,1,1,1,1,1,0,1,1,0,1,0,0,1,1,1,0,0,0,1,1,0,1,0,1,0,0,1,0,1,0,0,0,1,1,0,1,0,1,1,1,1,0,1,0,1,1,1,1,0,0,1,0,0,1,0,1,1,1,0,1,1,1,0,0,1,0,0,1,0,1,0,0,0,0,1,1,1
750,0,0,0,0,0,0,0,0,0,0,0,0,0,0,0,1,0,0,0,0,1850,1875,1,0,0,0,1,0,1,1,1,1,1,0,1,0,1,1,0,0,1,1,0,1,1,0,1,1,1,1,0,0,0,0,1,0,0,0,0,1,1,0,1,0,0,0,1,0,0,0,0,0,0,1,0,1,0,0,1,1,0,1,0,0,0,0,0,0,0,0,0,0,0,0,1,0,0,1,0,0,0,0,0,0,0,0,0,0,0,0,0,0,0,0,0,0,0,0,0,1,0,1
751,0,1,0,0,0,0,0,0,0,0,0,0,0,0,0,0,0,0,1,0,2000,2020,1,0,1,1,1,1,1,1,1,0,1,1,1,1,1,1,1,1,1,1,1,0,1,1,1,0,0,0,1,1,0,0,1,0,0,0,1,0,1,1,1,0,0,0,1,0,1,0,0,1,0,1,0,1,0,1,1,1,0,0,1,1,0,0,1,1,1,1,1,1,0,0,1,0,1,0,1,0,0,1,1,1,1,1,0,0,1,0,1,1,0,0,1,1,0,1,1,1,1,1
752,0,0,0,0,0,0,0,0,0,0,0,0,0,0,0,0,0,0,1,0,1470,2019,1,1,1,0,0,1,1,0,0,1,1,1,1,1,1,0,0,1,1,1,1,1,1,1,1,1,0,1,1,1,1,0,1,0,0,1,1,1,0,1,1,1,1,0,1,0,1,0,0,1,0,1,0,1,0,1,1,0,1,0,0,1,1,1,0,1,0,1,1,1,0,0,1,1,0,0,1,0,1,0,1,1,1,1,1,0,0,0,1,1,1,0,1,1,0,1,1,1,1,1
755,0,0,0,0,1,0,0,0,0,0,0,1,0,0,0,0,0,0,0,0,1850,2020,1,1,1,1,0,1,0,0,0,1,1,1,1,1,1,1,0,1,1,1,0,1,1,0,1,1,1,1,1,0,0,0,1,0,0,0,1,1,1,1,1,1,1,0,1,0,0,1,0,1,0,0,0,0,0,1,1,0,1,0,1,1,1,1,0,1,0,1,1,1,1,0,1,1,1,0,1,0,1,1,1,0,1,0,1,0,1,1,0,1,1,1,1,0,1,0,1,1,1,1
765,0,0,0,1,0,0,0,0,0,0,0,0,0,0,1,0,0,0,0,0,1848,1881,1,1,1,1,0,0,1,0,0,0,1,0,0,1,1,1,0,0,0,0,0,1,0,0,0,1,1,0,0,0,0,0,0,0,0,0,0,0,1,1,1,0,0,0,1,0,0,0,0,1,0,0,0,1,0,1,0,0,1,0,0,1,0,0,0,0,0,0,0,0,0,0,1,0,1,0,0,0,0,0,0,0,0,0,0,0,0,0,0,0,0,0,0,0,0,0,0,0,0,0
769,0,0,0,0,0,0,0,0,0,0,0,0,0,0,0,0,1,0,0,0,1910,1935,1,0,1,1,0,1,1,1,1,0,1,1,1,1,1,1,0,1,1,1,1,1,1,0,1,1,1,1,0,0,1,0,1,0,0,0,0,1,0,1,1,1,0,0,1,0,1,0,0,1,1,1,0,1,0,1,1,0,1,0,0,0,0,0,0,0,0,0,0,0,0,0,1,0,0,0,0,0,0,0,0,0,0,0,0,0,0,0,0,0,0,0,0,0,0,0,0,0,0,0
770,0,1,0,0,0,0,0,0,0,0,0,0,0,0,0,0,0,0,1,0,1920,2020,1,0,1,1,1,1,1,1,0,0,1,0,0,1,1,1,0,0,0,0,0,1,1,0,1,1,1,1,0,0,0,0,1,0,0,0,0,0,1,0,1,0,1,0,0,0,0,0,0,1,0,1,0,0,0,1,0,0,0,0,1,1,1,1,1,1,0,1,1,1,1,0,0,0,1,0,0,0,1,0,1,0,0,0,0,0,0,1,0,0,0,1,0,0,0,0,0,0,0,0
771,0,0,0,1,0,0,0,0,0,1,0,0,0,1,0,0,0,0,0,0,1762,2020,1,1,0,0,0,0,0,1,0,0,1,0,0,0,0,1,1,0,1,1,0,1,0,1,1,1,1,0,1,1,0,0,1,0,0,0,1,1,1,1,1,1,1,0,1,0,0,0,0,1,1,0,0,1,0,1,0,0,0,0,0,1,1,1,0,1,0,1,1,1,1,0,1,1,0,0,1,0,1,1,0,0,1,1,1,0,1,1,0,0,1,0,1,0,0,0,1,1,1,1
775,0,0,0,0,0,0,0,0,0,0,0,0,0,0,0,0,0,1,0,0,-600,2020,1,0,1,1,0,1,1,1,0,0,1,1,1,1,1,1,0,0,0,1,1,1,1,1,1,1,1,1,1,1,1,0,1,0,0,0,0,1,0,1,1,0,0,1,0,0,1,0,0,1,0,1,0,0,0,1,0,0,0,0,1,1,0,1,1,0,0,0,1,0,0,1,0,1,1,0,1,0,1,1,1,0,1,1,1,1,1,0,1,1,1,0,0,1,0,1,1,1,1,1
788,0,0,0,0,0,0,0,0,0,0,0,0,0,0,0,0,0,0,0,1,-1500,-1200,1,0,1,1,0,1,0,1,1,0,1,1,1,1,0,1,0,1,1,1,0,1,1,1,1,1,1,1,1,1,1,0,1,1,0,0,0,1,0,0,1,0,1,0,0,0,1,0,0,1,0,1,0,0,0,1,0,0,0,0,1,1,1,0,0,1,0,1,1,0,1,0,1,1,1,0,1,0,1,1,1,1,1,0,1,0,1,1,1,1,1,0,1,1,1,0,1,1,1,1
794,0,0,0,0,0,1,0,0,0,0,0,0,0,0,1,0,0,0,0,0,1840,1880,1,0,1,1,1,0,1,1,1,1,1,0,1,1,1,1,0,1,1,1,0,1,1,1,1,1,1,1,0,1,1,0,1,0,0,0,1,1,0,0,1,1,1,0,1,0,1,0,0,1,0,1,0,1,0,1,0,0,0,0,1,1,1,1,0,1,0,1,1,1,1,0,1,1,0,0,1,0,1,0,1,0,0,1,1,0,0,1,0,0,1,0,1,0,0,0,0,1,1,1
802,0,1,0,0,0,0,0,0,0,0,0,0,0,0,0,0,0,0,1,0,1945,2020,1,0,1,0,0,0,1,1,0,0,1,0,0,1,1,1,0,1,1,1,1,1,0,1,1,1,1,1,0,1,0,0,1,0,0,0,1,1,1,1,1,0,0,0,1,0,1,0,0,1,0,1,0,0,0,1,0,1,1,0,1,1,1,1,0,1,0,1,1,1,1,0,0,0,0,0,0,0,1,0,1,1,1,1,1,0,0,1,1,0,1,0,1,1,0,0,0,1,1,1
812,0,0,0,0,0,0,0,0,0,0,1,0,0,0,0,0,0,0,0,0,2007,2020,1,0,1,0,0,0,0,0,0,0,1,0,0,1,1,1,0,0,0,0,1,1,0,0,0,1,1,1,0,0,0,0,0,0,0,0,0,0,0,0,1,1,0,0,1,0,0,0,0,0,0,0,0,0,0,1,0,0,0,0,0,0,0,0,0,0,0,0,0,0,0,0,0,0,0,0,0,0,0,0,1,0,0,0,0,0,0,0,0,0,0,0,0,0,0,0,0,0,0,0
826,0,0,0,1,0,0,0,0,0,0,0,0,0,1,0,0,0,0,0,0,1866,2020,1,1,1,1,0,0,1,0,0,0,1,0,0,1,1,1,0,0,0,0,0,1,0,0,1,1,1,0,1,0,0,0,0,0,0,0,0,0,1,1,1,0,0,0,0,0,0,0,0,1,0,0,0,0,0,1,0,0,0,0,0,1,0,0,0,0,0,0,1,0,0,0,0,0,0,0,0,0,0,0,0,0,0,0,0,0,0,0,0,0,0,0,0,1,0,1,1,0,0,0
828,0,0,0,1,0,0,0,0,0,0,0,0,0,1,0,0,0,0,0,0,1209,1312,1,1,1,1,1,1,1,1,1,1,1,1,1,1,1,1,1,0,1,1,0,1,1,1,1,1,1,1,1,1,1,0,1,0,0,0,1,1,1,1,1,1,1,0,1,0,1,0,0,1,0,1,0,1,0,1,1,0,1,0,1,1,1,1,1,1,0,1,1,1,0,1,1,1,1,0,1,0,1,1,1,0,1,0,1,1,0,0,0,0,1,0,1,1,1,0,1,1,1,1
833,0,0,0,0,0,0,0,0,0,0,0,0,0,0,0,0,1,0,0,0,1870,1895,1,0,1,1,0,0,1,1,0,0,1,0,1,1,1,1,0,1,1,1,1,1,1,1,1,1,1,1,1,1,1,0,1,0,0,0,1,1,1,1,1,1,1,0,1,0,1,0,0,0,0,1,0,1,0,1,1,0,0,0,0,0,0,0,0,0,0,0,0,0,0,0,1,0,0,0,0,0,0,0,0,0,0,0,0,0,0,0,0,0,0,0,0,0,0,0,1,0,0,0
834,0,1,0,0,0,0,0,0,0,0,0,0,0,0,0,0,0,0,1,0,1982,2020,1,0,1,0,0,1,1,1,0,0,1,1,1,1,1,1,0,1,0,0,0,0,0,0,0,0,0,0,0,0,0,0,0,0,0,0,0,0,0,0,1,0,1,0,0,0,0,0,0,1,0,1,0,1,0,1,0,1,0,0,0,0,0,0,0,0,0,0,1,1,0,0,1,0,0,0,0,0,0,0,1,0,0,0,0,0,0,0,0,0,1,0,1,0,0,0,0,0,0,0
839,0,0,0,1,0,0,0,0,0,1,0,0,0,1,0,0,0,0,0,0,1788,1914,1,1,1,1,1,1,1,1,1,1,1,1,1,1,1,1,1,0,1,1,0,1,1,1,1,1,1,1,1,1,0,0,1,0,0,0,1,1,1,1,1,0,1,0,0,0,0,0,0,1,0,0,0,1,0,1,0,0,0,0,1,1,1,1,1,1,0,1,1,1,1,0,0,1,1,0,1,0,1,1,1,1,1,1,1,1,0,1,1,0,1,0,1,1,1,1,1,1,1,1
841,0,1,0,0,0,0,0,0,0,0,0,0,0,0,0,0,0,1,0,0,1073,2020,1,0,1,1,0,1,1,1,1,0,1,1,1,1,1,1,0,1,1,1,1,1,1,1,1,1,1,1,0,1,1,0,1,0,0,0,1,1,1,1,1,1,0,0,1,0,0,0,0,1,0,1,0,0,0,1,1,0,1,0,1,1,0,0,0,1,0,0,1,1,0,0,1,0,1,0,0,0,0,0,1,0,0,0,0,0,1,0,0,1,0,0,0,1,0,0,0,0,0,0
842,0,0,0,1,0,0,0,0,0,0,0,0,0,0,1,0,0,0,0,0,1730,2020,0,1,1,0,0,0,1,1,0,0,1,0,1,1,1,1,1,0,1,1,0,1,0,1,1,1,1,1,1,1,0,0,1,0,0,0,1,1,1,0,1,0,1,0,0,0,0,0,0,0,0,1,0,1,0,0,0,0,0,0,1,1,1,1,0,1,0,1,1,1,1,0,0,1,0,0,1,0,1,0,0,0,1,1,1,0,0,1,0,0,1,0,1,1,1,0,1,1,1,1
843,0,0,0,1,0,0,0,0,0,0,0,0,0,0,0,0,0,0,0,1,300,900,1,1,1,1,1,1,1,1,1,1,1,1,1,1,1,1,1,0,1,1,0,1,1,1,1,1,1,1,1,1,1,0,1,0,0,0,1,1,1,1,1,1,1,0,1,0,1,0,0,1,0,1,0,0,0,1,1,1,0,0,1,0,1,1,1,1,0,1,1,1,1,1,0,0,1,0,1,0,1,1,1,1,0,1,0,1,0,1,1,0,1,0,1,1,1,1,1,1,1,1
846,0,1,0,0,0,0,0,0,0,0,0,0,1,0,0,0,0,0,0,0,645,696,1,0,1,1,0,1,1,1,1,0,1,1,1,1,0,1,0,0,0,1,1,1,1,0,1,1,1,1,1,0,1,0,1,0,0,0,0,0,0,0,1,0,0,0,1,0,1,0,0,1,0,1,0,0,0,1,0,0,1,0,0,0,0,0,0,0,0,0,1,0,0,0,0,0,1,0,0,0,0,0,1,0,0,0,0,0,0,0,0,0,0,0,0,1,0,0,1,0,0,0
848,0,0,0,0,0,0,0,0,0,0,0,0,0,0,0,0,0,0,0,1,-200,70,1,0,1,1,1,1,1,1,1,0,1,1,1,1,1,1,1,1,1,0,0,0,1,0,1,0,0,0,1,0,1,0,1,0,0,0,1,0,0,1,1,1,0,0,1,0,0,1,0,1,0,1,0,1,0,1,1,0,0,1,0,0,1,0,1,1,0,1,1,1,1,1,0,0,1,0,1,0,1,0,1,0,1,0,1,1,0,0,0,0,1,0,1,1,0,0,1,1,0,0
849,0,0,0,0,0,1,0,0,0,0,0,0,0,0,1,0,0,0,0,0,1750,1850,1,0,0,1,0,0,1,0,0,0,1,0,0,1,1,1,1,1,0,1,0,1,0,1,1,1,1,1,1,1,0,0,1,0,0,0,0,0,1,0,1,0,0,0,0,0,0,0,0,1,0,1,0,0,0,1,0,0,0,0,0,0,1,1,0,0,0,1,1,0,0,0,0,1,0,0,0,0,1,0,1,0,0,0,0,0,0,0,0,0,0,0,0,0,0,0,1,1,1,1
850,0,0,0,0,0,0,0,0,0,0,0,0,0,1,0,0,0,0,0,0,-600,-51,1,0,0,1,1,1,1,1,1,1,1,1,1,1,1,1,0,1,1,1,1,1,1,1,1,1,1,1,0,1,1,0,1,0,0,1,1,1,0,0,1,1,1,0,1,0,1,0,0,1,0,1,0,0,0,1,0,0,0,0,0,0,0,0,0,0,1,0,1,0,0,1,1,0,1,1,0,0,0,0,1,1,0,0,0,1,0,0,1,1,1,1,1,1,1,1,0,1,1,1
851,0,0,0,0,0,0,0,0,0,0,0,0,0,0,1,0,0,0,0,0,1899,2020,0,1,1,0,1,1,0,1,0,1,1,0,1,1,1,1,0,0,1,0,0,1,1,1,1,1,1,1,1,1,1,0,0,0,0,0,1,0,0,1,1,1,1,0,1,0,0,0,0,0,0,1,0,0,0,1,0,0,0,0,1,1,1,1,1,1,0,1,1,1,1,1,1,1,1,0,1,0,1,0,1,1,1,1,1,1,1,1,0,0,1,0,1,1,0,0,1,1,1,1
852,0,0,0,0,0,0,0,0,0,0,0,0,0,1,0,0,0,0,0,0,-500,900,1,0,0,1,1,1,1,1,1,1,1,1,1,1,1,1,0,1,1,1,0,1,1,1,1,1,1,1,0,1,1,0,1,0,0,1,1,1,0,0,1,1,0,0,1,0,1,0,0,1,0,1,0,0,0,1,0,0,0,0,0,1,1,0,1,0,1,1,1,1,1,1,1,0,1,1,1,0,1,0,1,1,1,1,1,1,1,0,1,0,1,1,1,1,1,1,0,1,1,1
853,0,0,0,0,0,0,0,0,0,0,0,0,0,1,0,0,0,0,0,0,-500,900,1,0,1,1,1,1,1,1,1,1,1,1,1,1,1,1,0,1,1,1,0,1,1,1,1,1,1,1,0,1,1,0,1,0,0,0,1,1,1,1,1,1,1,0,1,0,1,0,0,1,0,1,0,0,0,1,1,0,1,0,1,1,1,1,1,1,1,1,1,1,1,1,1,0,1,1,0,0,1,0,1,0,0,0,0,1,1,0,0,1,1,1,1,1,1,1,0,1,1,1
854,0,0,0,0,0,0,0,0,0,0,0,0,0,1,0,0,0,0,0,0,-400,900,1,0,0,0,0,1,1,1,1,1,1,1,1,1,0,1,0,1,1,1,1,1,0,1,1,1,1,1,1,1,1,0,1,0,0,0,1,1,0,0,1,1,1,0,1,1,1,0,0,1,0,1,0,0,1,1,0,0,1,0,1,0,0,1,1,1,0,0,1,1,1,1,1,1,1,0,1,0,0,1,1,0,1,1,1,1,1,0,0,0,1,0,1,1,0,0,1,1,1,1
855,0,0,0,0,1,0,0,0,0,0,0,0,0,0,0,0,0,0,0,1,1900,2020,1,1,1,1,0,1,0,1,0,0,1,0,0,1,1,1,1,1,1,1,0,1,0,1,1,1,1,1,1,1,0,0,1,0,0,0,1,0,1,1,1,1,1,0,1,0,1,0,0,1,0,1,0,1,0,1,1,0,1,1,0,1,1,1,0,1,0,1,1,1,1,0,0,0,1,0,0,0,1,0,1,0,1,0,1,0,0,0,0,0,0,0,0,1,1,0,1,1,1,1
857,0,0,0,0,0,0,0,0,0,0,1,0,0,0,0,0,0,0,0,0,1738,2020,1,0,1,1,0,0,1,0,0,0,1,0,0,1,1,1,1,0,1,0,0,1,0,1,1,1,1,0,1,1,0,0,0,0,0,0,1,0,1,1,1,0,0,0,1,0,0,0,0,1,0,0,0,1,0,1,1,0,1,0,0,1,0,0,0,1,0,0,1,0,0,0,0,1,1,0,0,0,0,0,1,1,1,1,1,0,0,0,1,1,0,0,0,1,0,1,1,1,1,0
858,0,0,0,1,0,0,0,0,0,0,0,0,0,1,0,0,0,0,0,0,165,550,1,1,1,1,1,0,1,1,0,1,1,0,1,1,1,1,1,1,1,1,0,1,0,1,1,1,1,1,1,1,0,0,1,1,0,0,1,0,1,1,1,1,1,0,1,0,1,0,0,1,0,1,0,1,0,1,1,0,0,0,1,1,1,0,0,1,0,1,1,1,1,0,1,0,1,0,0,0,1,0,1,0,1,1,0,0,0,1,1,0,1,0,1,1,1,1,1,1,1,1
859,0,0,0,1,0,0,0,0,0,0,0,0,0,1,0,0,0,0,0,0,135,400,1,1,1,1,1,0,1,0,0,0,1,0,0,1,1,1,1,0,1,0,0,1,0,1,1,1,1,0,1,1,0,0,1,0,1,0,1,0,1,1,1,0,1,0,0,0,1,1,0,1,0,1,0,0,0,1,0,0,0,0,1,1,1,1,0,0,0,1,1,1,1,0,0,0,0,0,0,0,1,0,0,0,1,1,1,0,0,1,0,0,1,0,1,1,0,0,1,0,1,0
860,0,0,0,0,0,0,0,0,1,0,1,0,0,0,0,0,0,0,0,0,1704,2020,1,0,0,0,0,0,1,1,0,0,1,0,1,0,0,1,1,0,1,1,1,1,0,1,1,1,1,1,1,1,0,0,1,0,0,0,1,1,1,0,1,0,0,0,0,0,1,0,0,0,0,1,0,1,0,1,0,0,0,0,0,0,0,0,0,0,0,0,0,0,0,0,0,0,0,0,0,0,0,0,0,0,0,1,0,0,0,0,0,0,0,0,0,0,0,1,1,0,0,0
862,0,0,0,0,0,0,0,0,0,0,0,0,0,0,0,0,0,1,0,0,1907,2020,1,0,1,1,0,1,1,1,0,0,1,1,1,1,1,1,0,1,0,1,1,1,1,0,1,1,1,1,1,0,0,0,1,0,0,0,0,1,1,1,1,0,0,0,0,0,0,0,0,0,0,0,0,1,0,1,0,0,0,0,1,1,1,1,0,1,0,1,1,1,1,0,0,1,0,0,1,0,1,1,1,0,1,1,1,0,0,1,0,0,1,0,1,0,0,0,1,0,0,0
863,0,0,0,0,0,0,0,0,0,0,0,0,0,1,0,0,0,0,0,0,-550,450,1,0,1,1,0,1,0,1,1,0,1,1,1,1,1,1,0,1,1,1,1,1,1,1,1,1,1,1,1,1,1,1,1,1,1,0,1,1,0,1,1,1,0,0,1,0,1,0,0,1,0,1,0,0,0,1,1,0,1,0,1,1,1,1,0,1,0,1,1,1,1,0,1,0,1,0,1,0,1,1,1,0,1,1,1,0,0,1,0,0,1,0,1,1,0,0,1,1,1,1
867,0,1,0,0,0,0,0,0,0,0,0,0,0,0,0,0,0,1,0,0,1200,1500,1,0,1,1,0,1,1,1,0,0,1,1,1,1,1,1,1,1,0,1,1,1,1,0,1,1,1,0,1,0,0,0,1,0,0,0,0,1,1,1,1,1,1,1,0,0,1,0,0,1,0,1,0,0,0,1,0,0,1,0,0,1,1,0,0,0,0,0,1,1,0,0,0,0,0,0,0,0,0,0,1,0,0,0,0,0,0,0,0,0,1,0,1,0,0,0,1,1,1,1
869,1,1,0,0,0,0,0,0,0,0,0,0,1,0,0,0,0,0,0,0,855,1279,1,1,1,1,1,1,1,1,1,0,1,1,1,1,1,1,1,0,1,1,1,1,1,1,1,1,1,1,1,1,0,0,1,1,0,0,1,1,1,1,1,1,1,0,1,0,1,0,0,1,0,1,0,0,0,1,1,1,1,0,1,1,1,1,1,1,0,1,1,1,1,0,1,0,1,0,1,0,1,1,1,1,1,1,1,1,0,1,1,0,1,1,1,1,0,1,1,1,1,1
870,0,1,0,0,0,0,0,0,0,0,0,1,0,0,0,0,0,0,0,0,1990,2020,1,0,1,1,0,1,1,1,0,0,1,1,1,1,0,1,0,1,1,1,1,1,1,1,1,1,1,0,0,1,1,0,1,0,0,0,1,1,0,1,1,1,1,0,1,0,1,0,0,1,0,1,0,0,0,1,0,0,0,0,1,1,1,1,0,1,0,1,1,1,1,0,1,1,1,0,1,0,1,1,1,0,1,1,1,0,1,1,0,0,1,0,1,1,0,0,0,1,1,1
871,0,0,0,0,0,0,0,0,0,0,0,0,0,0,1,0,0,0,0,0,1848,2020,1,0,0,0,0,0,0,1,0,0,1,0,0,0,0,1,0,0,1,0,0,1,0,0,1,1,1,1,1,0,0,0,0,0,0,0,1,1,0,1,1,0,0,0,0,0,0,0,0,0,0,0,0,0,0,0,0,0,0,0,1,1,1,1,0,1,0,1,1,1,1,0,0,1,0,0,1,0,1,0,1,0,1,1,1,0,0,1,0,0,1,0,1,0,0,0,1,0,0,0
873,0,0,0,1,0,0,0,0,0,0,0,0,0,0,1,0,0,0,0,0,1962,1993,0,1,1,1,1,0,1,1,0,0,1,0,1,1,1,1,1,0,1,1,0,1,0,1,1,1,1,1,1,1,0,0,1,0,0,0,1,0,1,1,1,0,1,0,1,0,1,0,0,1,0,1,0,1,0,1,0,1,1,0,1,1,1,1,0,1,0,1,1,1,1,0,0,1,1,0,0,0,1,0,1,0,1,1,0,0,0,1,1,1,1,1,1,0,1,1,1,1,1,1
877,0,1,0,0,0,0,0,0,0,0,0,0,0,0,0,0,0,0,1,0,1989,2022,1,0,1,1,0,1,1,1,0,0,1,1,0,1,1,1,0,0,1,1,1,1,1,0,1,1,1,0,0,0,0,0,1,0,0,0,1,0,1,1,1,0,0,0,1,0,0,0,0,1,0,0,0,1,0,1,1,0,1,0,0,1,1,1,0,1,0,1,1,1,0,0,0,0,1,0,0,0,1,1,0,1,1,1,1,0,0,1,1,1,1,1,1,1,0,1,0,0,0,0
879,0,0,0,1,0,0,0,0,0,0,1,0,0,0,0,0,0,0,0,0,1860,2020,1,1,1,0,1,0,1,0,0,0,1,0,0,1,1,1,1,0,1,1,0,1,0,1,1,1,1,1,1,1,0,0,1,0,0,0,1,0,1,1,1,0,1,0,0,0,0,0,0,0,0,0,0,1,0,1,0,0,0,0,1,1,1,1,0,1,0,1,1,1,1,0,0,1,0,0,1,0,1,1,0,1,1,1,1,0,0,1,1,1,1,0,1,1,0,0,1,1,1,1
880,0,0,0,0,1,0,0,0,0,0,0,0,0,0,0,0,0,0,0,1,1870,2015,0,1,1,1,0,0,1,0,0,1,1,0,1,1,0,1,1,1,1,0,0,1,0,1,1,1,1,1,1,1,0,0,1,0,0,0,1,0,1,1,1,1,0,0,1,0,1,0,0,1,0,1,0,1,0,1,1,0,0,1,1,1,1,1,0,1,1,1,1,1,1,0,1,1,1,0,1,0,1,1,0,1,1,1,1,0,0,1,1,1,1,0,1,1,1,1,1,1,0,1
882,0,0,0,0,0,0,0,0,0,0,0,0,0,1,0,0,0,0,0,0,-450,425,1,0,1,1,0,0,0,1,0,0,1,0,1,1,0,1,1,0,1,1,1,1,1,0,1,1,1,1,1,0,1,0,1,1,0,1,1,1,0,1,0,0,0,0,0,0,1,0,0,1,0,1,0,0,0,1,1,0,0,0,1,1,1,1,0,1,0,0,1,1,1,0,0,0,0,0,0,0,1,1,0,0,1,0,1,0,0,1,0,0,0,0,1,0,0,0,1,0,0,0
883,1,0,0,1,0,0,0,0,0,0,0,1,0,0,0,0,0,0,0,0,1949,2020,1,1,1,1,0,1,1,1,0,0,1,1,1,1,1,1,1,0,1,1,0,1,1,1,1,1,1,0,1,1,0,0,1,0,0,0,1,1,1,1,1,0,1,0,0,0,0,0,0,1,0,1,0,1,0,1,1,0,0,0,1,1,1,1,1,1,0,1,1,0,1,0,0,1,1,1,1,0,1,1,1,1,1,1,1,0,0,1,1,0,1,0,1,1,1,1,1,1,1,0
884,0,0,0,0,0,0,0,0,1,0,1,0,0,0,0,0,0,0,0,0,1907,2022,1,0,1,1,0,0,1,1,1,1,1,0,0,1,1,1,1,0,1,1,0,1,0,1,1,1,1,1,1,1,0,0,1,0,0,0,1,1,1,1,1,0,0,0,0,0,1,0,0,1,0,1,0,1,0,1,1,0,0,0,1,1,1,1,1,1,1,1,1,1,1,0,1,1,1,0,1,0,1,0,1,1,1,1,1,0,0,0,1,0,1,1,1,1,1,1,1,1,1,1
885,0,0,0,0,0,0,0,0,1,0,1,0,0,0,0,0,0,0,0,0,-1960,2022,1,0,1,1,0,1,1,1,0,0,1,1,1,1,1,1,0,1,1,1,1,1,1,1,1,1,1,1,1,1,1,0,1,1,1,1,1,1,0,1,1,1,0,1,1,0,1,1,0,1,1,1,0,1,0,1,1,0,1,0,1,1,1,1,0,1,0,1,1,1,1,0,1,1,1,0,1,0,1,1,0,1,0,0,1,1,1,1,0,1,1,0,1,1,0,1,1,1,1,1
886,0,0,0,0,0,0,0,0,0,0,0,0,0,1,0,0,0,0,0,0,1990,2020,1,0,1,1,0,0,1,1,0,0,1,0,1,1,1,1,0,1,1,1,1,1,1,1,1,1,1,1,1,1,1,0,1,0,0,0,1,1,0,1,1,1,1,0,1,0,1,1,0,1,0,1,0,1,0,1,1,0,0,0,0,1,0,0,0,0,0,1,1,1,1,0,1,0,0,0,0,0,0,0,1,0,0,0,0,0,0,0,0,0,1,0,1,1,0,0,1,1,1,1
887,0,0,0,0,0,0,0,0,0,0,0,1,0,0,0,0,0,0,0,0,1990,2020,1,0,0,0,0,0,0,1,0,0,1,1,1,0,0,0,0,0,1,1,1,1,1,1,1,1,1,0,1,1,0,0,1,1,0,0,1,1,0,1,0,1,0,0,0,0,1,0,0,1,0,1,0,0,0,0,1,0,0,0,1,1,1,1,0,1,0,1,0,1,1,0,0,1,0,0,1,0,1,1,0,0,1,1,1,0,0,1,0,0,1,0,1,0,0,0,1,1,1,1
888,0,0,0,1,0,0,0,0,0,1,0,0,0,1,0,0,0,0,0,0,780,900,1,1,1,1,1,1,1,1,1,1,1,1,1,1,1,1,0,0,1,1,0,1,1,1,1,1,1,1,1,1,1,0,1,1,0,0,1,1,1,1,1,1,1,0,1,0,1,1,0,1,0,1,0,1,0,1,1,1,1,0,1,1,1,1,1,1,0,1,1,1,1,1,1,0,1,0,0,0,1,0,1,1,0,0,1,1,0,1,1,1,1,1,0,1,1,1,1,1,1,1
891,0,0,0,1,0,0,0,0,0,0,0,0,0,0,0,0,1,0,0,0,1956,2020,1,1,1,1,1,1,1,1,0,0,1,1,1,1,1,1,1,0,1,1,1,1,1,1,1,1,1,1,1,1,0,0,1,0,0,0,1,1,1,1,1,1,1,1,1,0,1,1,0,1,0,1,0,1,0,1,1,0,1,0,1,1,1,1,0,1,1,1,1,1,1,1,1,1,1,0,1,1,1,1,1,1,1,1,1,1,0,1,1,1,1,1,1,1,1,1,1,1,1,1
892,0,0,0,1,0,0,0,0,0,0,0,0,0,0,1,0,0,0,0,0,1960,2020,1,1,1,1,0,0,1,0,0,0,1,0,0,1,1,1,1,0,1,1,0,1,0,1,1,1,1,1,1,1,0,0,1,0,0,0,1,0,1,1,1,0,0,0,0,0,0,0,0,1,0,0,0,1,0,1,0,0,0,0,1,1,1,1,0,1,0,1,1,1,1,0,0,1,1,0,1,0,1,0,0,1,1,1,1,0,0,1,1,0,1,0,1,1,1,1,1,1,1,0
893,0,0,0,1,0,0,0,0,0,1,0,0,0,1,0,0,0,0,0,0,100,400,1,1,1,1,1,0,1,0,0,0,1,0,0,1,1,1,1,0,0,1,1,1,1,0,1,1,1,0,1,0,0,0,1,0,0,0,0,0,1,1,1,0,1,0,1,0,1,0,0,0,0,1,0,1,0,1,0,0,0,0,1,0,1,1,0,1,0,1,1,1,1,0,1,1,0,0,1,0,1,1,0,0,0,0,0,0,0,1,0,0,1,0,1,0,0,0,0,0,0,0
894,0,0,0,1,0,0,0,0,0,0,0,0,0,0,1,0,0,0,0,0,1968,2020,1,0,1,1,1,0,1,0,1,0,1,0,1,1,1,1,1,0,0,0,0,1,0,1,1,1,1,0,1,1,0,0,1,0,0,0,0,0,1,1,1,0,0,0,0,0,0,0,0,1,0,0,0,1,0,1,0,0,0,0,1,1,0,1,1,1,0,0,0,1,0,0,0,1,1,0,0,0,0,1,0,0,1,1,1,1,0,1,1,0,1,0,1,1,1,0,1,1,1,1
896,0,1,0,0,0,0,0,0,0,0,0,0,1,0,0,0,0,0,0,0,800,1571,1,0,1,1,1,1,1,1,1,0,1,1,1,1,1,1,1,1,1,1,1,1,0,1,1,1,1,1,1,0,0,0,1,0,0,0,1,0,1,0,1,0,1,0,0,0,0,0,0,1,0,1,0,0,0,1,0,0,0,0,1,1,1,1,1,1,1,1,1,1,1,0,1,1,1,1,1,0,1,1,1,1,1,1,1,1,0,1,1,1,1,1,1,1,1,1,1,1,1,1
897,0,0,0,0,0,0,0,0,0,0,0,0,1,0,0,0,0,0,0,0,1928,2020,1,0,1,1,0,0,0,1,0,0,1,0,1,1,1,1,0,1,1,1,0,1,0,1,1,1,1,1,1,1,0,0,1,0,0,0,1,1,1,1,1,1,0,0,1,0,1,0,0,1,0,1,0,1,0,1,0,0,0,0,1,1,1,1,0,1,0,1,1,1,1,0,1,0,1,0,0,0,1,0,1,0,1,1,1,0,0,1,0,0,1,1,1,1,0,0,1,1,1,1
899,0,0,0,0,1,0,0,0,0,0,0,0,0,0,0,0,0,0,1,0,1926,2020,1,1,1,1,1,1,1,1,1,1,1,1,1,1,1,1,1,0,1,1,0,1,1,1,1,1,1,1,1,1,0,0,1,0,0,0,1,1,1,0,1,1,1,0,1,0,1,0,0,1,0,1,0,1,0,1,1,0,0,1,1,1,1,1,0,1,0,1,1,1,1,1,1,1,1,1,1,1,1,1,1,1,1,1,1,0,0,1,1,0,1,0,1,0,1,0,1,1,1,1
900,0,0,0,0,0,0,0,0,0,1,0,0,0,0,0,0,0,0,0,1,-150,70,1,1,1,1,1,1,1,1,1,1,1,1,1,1,1,1,1,1,1,0,0,1,1,1,1,1,1,1,1,1,1,0,1,0,0,0,1,1,1,1,1,1,1,0,1,0,1,0,0,1,0,1,0,1,0,1,1,0,0,0,1,1,1,1,1,1,0,1,1,1,1,0,1,1,1,0,1,0,1,1,0,0,0,0,0,1,0,1,0,0,1,0,1,1,1,0,1,1,1,1
906,0,0,0,1,0,0,0,0,0,1,0,0,0,1,0,0,0,0,0,0,1963,2020,1,1,1,1,0,1,0,1,1,0,1,0,1,1,1,1,1,0,1,0,0,1,0,1,1,1,1,0,1,1,0,0,1,0,0,0,1,0,1,1,1,0,0,0,0,0,0,0,0,1,0,1,0,1,0,1,0,0,1,0,1,1,1,1,1,1,0,1,1,1,1,0,0,1,1,0,1,0,1,1,1,0,1,1,1,0,0,1,0,1,1,0,1,1,0,0,1,1,0,0
910,0,0,0,1,0,0,1,0,0,0,0,0,0,0,1,0,0,0,0,0,1968,1998,1,1,1,1,1,0,1,1,0,0,1,0,1,1,1,1,1,0,1,0,0,1,0,1,1,1,1,0,1,1,1,0,0,1,0,0,1,0,1,1,1,0,1,1,0,0,1,0,0,1,0,0,0,0,0,1,0,0,1,0,1,1,1,1,0,1,0,1,1,1,1,0,1,1,1,0,1,0,1,0,1,1,0,1,1,0,0,1,1,0,1,1,1,0,1,1,1,1,1,1
911,0,0,0,1,0,0,0,0,0,0,0,0,0,1,0,0,0,0,0,0,1260,1302,1,1,1,1,1,1,1,1,1,1,1,1,1,1,1,1,1,0,1,1,0,1,1,1,1,1,1,1,1,1,0,0,1,0,0,0,1,1,1,1,1,1,1,0,1,0,1,0,0,1,0,1,0,1,0,1,1,0,1,0,1,1,1,1,1,1,0,1,1,1,1,1,1,1,1,1,1,0,1,1,1,1,1,1,1,1,0,1,1,1,1,1,1,1,1,0,1,1,1,1
914,0,0,0,0,1,0,0,0,0,0,1,0,0,0,0,0,0,0,0,0,1258,2020,1,1,1,1,0,0,1,0,1,0,1,0,1,1,1,1,1,1,1,1,0,1,1,1,1,1,1,1,1,1,0,0,1,0,0,0,1,1,1,1,1,1,1,0,0,0,1,0,0,1,0,1,0,0,0,1,1,0,0,0,0,1,1,1,0,1,0,1,0,1,1,0,0,1,1,0,1,0,1,0,1,1,1,1,1,0,0,0,0,0,1,0,1,1,0,1,1,1,1,0
915,0,0,0,1,0,0,0,0,0,0,0,0,0,0,1,0,0,0,0,0,2000,2020,1,1,1,1,0,0,0,0,0,0,1,0,0,1,0,1,1,0,1,0,0,1,0,1,1,1,0,1,1,1,0,0,1,0,0,0,1,0,1,1,1,0,0,0,0,0,0,0,0,1,0,1,0,0,0,1,0,0,0,0,1,1,1,1,0,1,0,1,0,1,1,0,0,1,1,0,0,0,1,0,1,0,1,1,0,0,0,1,1,0,1,0,1,1,1,0,1,0,0,0
918,1,0,0,0,0,0,0,0,0,0,0,0,1,0,0,0,0,0,0,0,-475,220,1,0,0,0,0,0,1,0,1,0,1,0,1,0,0,0,0,0,1,1,0,1,1,1,1,1,1,1,0,0,1,0,1,0,0,0,1,1,0,0,0,0,0,0,0,0,1,0,0,1,0,1,0,0,0,0,0,0,0,0,1,1,1,1,0,1,0,1,1,1,1,0,1,1,0,0,1,0,1,1,0,0,1,1,1,0,0,1,0,0,1,0,1,0,0,0,0,1,1,1
919,0,0,0,1,0,0,0,0,0,1,0,0,0,1,0,0,0,0,0,0,1995,2020,1,1,1,1,0,1,0,1,1,0,1,1,1,1,1,1,1,0,1,1,0,1,1,1,1,1,1,0,1,1,0,0,1,0,0,0,1,1,1,1,1,0,1,0,0,0,1,0,0,1,0,0,0,1,0,1,1,0,0,0,1,1,1,1,1,1,0,1,1,1,1,0,0,1,1,0,1,0,1,1,1,1,1,1,1,0,0,1,1,0,1,0,1,1,1,1,1,1,1,0
921,0,0,0,0,0,0,0,1,0,0,0,0,0,0,0,0,0,1,0,0,1700,2020,1,0,0,0,1,0,1,1,1,0,1,0,1,1,0,1,0,1,1,1,0,1,1,1,1,1,1,1,1,1,1,0,1,0,0,0,0,1,0,0,1,1,1,0,1,0,1,0,0,0,0,1,0,0,0,1,0,0,0,0,1,1,1,1,0,0,0,1,1,1,1,0,1,1,0,0,1,0,1,1,1,0,1,1,1,0,0,1,0,0,1,0,1,0,0,0,1,1,1,1
924,0,0,0,0,0,0,0,0,0,0,1,0,0,0,0,0,0,0,0,0,1853,2022,1,1,1,1,1,1,1,1,1,1,1,0,1,1,1,1,1,1,1,0,0,1,0,0,0,1,1,1,0,0,0,0,0,0,0,0,1,0,1,1,1,1,0,1,1,0,1,0,0,1,0,1,0,1,0,1,1,0,1,0,1,1,1,1,1,1,1,1,1,1,1,1,1,0,1,0,1,0,1,0,1,1,1,1,1,1,0,1,1,0,1,1,1,1,1,1,0,0,0,0
925,0,0,0,0,0,0,0,0,0,0,0,0,0,0,0,0,0,0,0,1,220,650,1,1,1,1,1,0,1,1,1,1,1,0,1,1,1,1,1,1,1,1,0,1,1,1,1,1,1,1,1,1,0,0,1,1,0,0,1,1,1,1,1,1,1,0,1,0,1,0,0,1,0,1,0,1,0,1,1,0,1,1,1,1,1,0,1,1,0,1,1,1,1,1,1,0,1,0,0,0,1,1,1,0,0,0,1,1,1,1,0,1,1,1,1,1,0,0,1,1,1,1
926,0,1,0,0,0,0,0,0,0,0,0,0,0,0,0,0,0,1,0,0,842,2020,1,1,1,1,1,1,1,1,1,1,1,1,1,1,1,1,0,1,0,1,1,1,1,1,1,1,1,1,0,1,0,0,1,0,0,0,0,0,1,1,1,0,1,0,1,0,1,0,0,1,0,1,0,1,0,1,1,0,0,0,1,1,1,1,1,1,0,1,1,1,1,0,1,1,1,0,1,0,1,1,1,1,1,1,1,0,1,1,1,1,1,0,1,1,0,1,0,1,1,1
927,0,0,0,0,0,0,0,0,0,0,0,0,0,0,0,0,0,0,0,1,0,74,0,1,1,1,1,1,1,1,0,1,1,1,1,1,1,1,1,0,1,0,0,1,1,1,1,1,1,1,1,1,0,0,1,0,1,0,1,0,1,1,1,1,1,0,1,0,1,1,0,1,0,1,0,1,0,1,1,0,0,1,1,1,1,0,0,1,0,1,1,1,1,0,0,0,1,0,0,0,1,0,0,0,0,0,0,0,0,1,0,0,1,0,1,1,1,0,1,1,1,1
928,0,0,0,0,0,1,0,0,0,0,0,0,0,0,1,0,0,0,0,0,1860,1910,1,0,1,0,1,0,1,1,0,0,1,0,1,1,0,1,1,1,1,1,0,1,0,1,1,1,0,1,0,1,0,0,1,0,0,0,1,1,0,0,1,0,0,0,0,0,1,0,0,1,0,1,0,1,0,1,0,0,0,0,0,1,1,1,0,1,0,1,1,0,1,0,0,0,0,0,0,0,1,0,0,0,0,0,1,0,0,0,0,0,0,0,0,1,0,0,0,1,1,1
929,0,1,0,0,0,0,0,0,0,0,0,0,0,0,0,0,0,1,0,0,1143,2020,1,1,1,1,1,1,1,1,1,0,1,1,1,1,1,1,0,1,1,1,1,1,1,1,1,0,1,0,0,1,1,0,1,0,0,0,1,1,0,0,1,0,1,0,0,0,0,0,0,0,0,0,0,0,0,1,0,0,0,0,1,1,1,1,1,1,0,1,1,0,1,1,1,1,1,0,1,0,1,0,1,1,1,1,1,1,0,1,1,0,1,0,1,1,1,1,0,0,1,0
931,0,0,0,1,0,0,0,0,0,0,0,0,0,1,0,0,0,0,0,0,1580,2020,1,1,1,1,1,1,1,1,1,1,1,1,1,1,1,1,1,1,1,1,0,1,1,1,1,1,1,1,1,0,1,0,1,0,0,0,1,1,1,1,1,0,1,0,0,0,1,0,0,1,0,1,0,1,0,1,1,1,1,0,0,1,1,1,1,1,0,1,1,1,1,0,1,0,1,0,1,0,1,0,1,1,1,1,1,0,0,0,1,0,1,0,1,1,1,1,1,1,1,1
933,0,0,0,1,0,0,0,0,0,0,0,0,0,1,0,0,0,0,0,0,144,1000,0,1,1,0,0,0,1,0,0,0,1,0,0,1,1,1,1,0,1,1,0,1,0,1,1,1,1,1,1,1,0,0,1,1,0,0,1,1,1,1,1,0,1,0,1,0,1,1,0,1,0,1,1,1,0,1,1,1,0,0,1,1,1,0,0,1,0,1,1,1,1,0,0,1,0,0,0,0,1,1,0,0,1,0,1,0,0,1,0,0,1,0,1,0,0,0,1,1,1,0
934,0,1,0,0,0,0,0,0,0,0,0,1,0,0,0,0,0,0,0,0,1911,1940,1,0,1,1,1,1,1,1,0,1,1,1,1,1,1,1,0,1,1,1,1,1,1,1,1,1,1,0,0,1,1,0,1,0,0,0,1,1,0,1,1,1,1,0,1,0,1,0,0,1,0,1,0,1,0,1,1,0,0,0,1,1,1,1,1,1,0,1,1,1,1,1,1,1,1,0,1,1,1,1,1,1,1,1,1,1,1,1,1,1,1,1,1,1,1,0,0,1,1,1
935,0,0,0,0,0,0,0,0,1,0,1,0,0,0,0,0,0,0,0,0,1910,2020,1,1,1,0,0,1,1,1,0,1,1,0,1,1,1,1,1,0,1,1,0,1,0,1,1,1,1,1,1,1,0,0,1,0,0,0,1,1,1,0,1,0,1,0,1,0,1,0,0,1,0,1,0,1,0,1,1,0,0,0,0,1,0,0,1,0,0,0,0,0,0,0,0,0,1,0,0,0,0,0,1,0,0,0,0,1,0,0,1,0,0,0,0,1,1,0,1,1,1,1
937,0,0,0,0,0,0,0,0,0,0,0,0,0,1,0,0,0,0,0,0,-800,394,1,1,1,1,1,1,1,1,1,1,1,0,1,1,1,1,0,0,1,0,0,1,1,1,1,1,1,1,1,1,1,0,0,1,0,0,0,0,0,0,1,0,0,0,0,0,0,0,0,1,0,1,0,0,0,0,0,1,0,0,1,1,0,0,1,1,0,1,1,0,1,0,0,0,0,0,1,0,1,1,1,0,1,0,1,0,0,1,0,0,1,0,1,1,0,0,1,1,1,1
938,0,0,0,0,0,0,0,0,0,0,0,0,0,0,0,0,0,0,0,1,-1600,-1185,1,0,0,0,0,0,0,1,1,1,1,0,1,0,0,1,0,0,1,1,0,1,1,0,1,1,0,1,1,0,1,0,1,1,0,0,0,1,0,0,0,0,1,0,0,0,1,0,0,1,0,1,0,0,0,0,0,0,1,0,0,1,0,0,0,0,0,0,0,0,0,1,1,1,0,1,0,1,0,0,1,1,0,0,0,1,1,0,0,1,1,0,1,1,1,0,1,1,1,1
939,0,0,0,0,0,0,0,0,0,0,0,0,0,0,0,1,0,0,0,0,1875,1900,1,0,0,0,1,0,1,1,1,1,1,1,1,0,1,1,0,0,1,1,0,1,1,1,1,1,1,1,0,1,1,0,1,0,0,0,1,1,0,0,1,1,1,0,1,0,1,0,0,0,0,1,0,1,0,0,1,0,1,1,0,1,1,0,0,1,0,1,1,0,1,0,1,0,0,0,0,0,1,0,0,0,0,0,0,0,0,0,0,0,0,0,0,0,1,0,0,1,1,1
940,0,0,0,0,0,0,0,0,0,0,0,0,0,1,0,0,0,0,0,0,-31,68,1,0,0,0,0,1,0,1,1,1,1,1,1,0,0,1,0,0,1,1,0,1,0,1,1,1,1,1,0,1,0,0,1,0,0,1,0,1,0,0,1,0,1,0,0,0,1,0,0,1,0,1,0,0,0,1,0,0,0,0,0,1,1,0,0,0,0,1,1,0,0,0,0,0,0,0,0,0,1,1,1,0,1,1,1,0,1,1,0,0,1,0,1,1,0,0,0,1,1,1
941,1,1,0,0,0,0,0,0,0,0,0,0,1,0,0,0,0,0,0,0,1600,1700,1,0,1,0,1,1,1,1,1,0,1,1,1,1,1,1,0,0,1,1,1,1,1,1,1,1,1,1,1,1,1,0,1,0,0,0,1,1,0,1,0,1,1,0,1,0,0,0,0,1,0,1,0,1,0,1,1,1,1,1,0,0,1,1,0,1,1,1,1,1,1,1,1,0,1,0,0,0,1,0,1,1,0,0,0,1,0,0,0,1,0,1,0,1,1,1,1,1,1,0
942,0,0,0,1,0,0,0,0,0,0,1,0,0,0,0,0,0,0,0,0,1816,2020,1,1,1,0,0,0,0,1,0,0,1,0,1,1,1,1,1,0,1,1,0,1,0,1,1,1,1,1,1,1,0,0,1,0,0,0,1,0,1,1,1,0,1,0,0,0,0,0,0,1,0,1,0,1,0,1,0,0,0,0,1,1,1,1,1,1,0,1,1,1,1,0,0,1,1,0,1,0,1,1,1,1,1,1,1,0,0,1,0,0,1,0,1,1,1,1,1,1,1,1
943,0,0,0,1,0,1,0,0,0,0,0,0,0,0,1,0,0,0,0,0,1752,2020,0,1,1,1,1,1,0,1,1,0,1,1,0,1,1,1,1,0,1,0,0,1,1,1,1,1,1,1,1,1,0,0,0,1,0,0,1,0,1,1,1,0,1,0,1,0,1,1,0,1,0,1,0,1,0,1,0,0,1,0,1,1,1,1,0,1,0,1,1,1,1,0,1,1,1,0,1,0,1,1,1,1,1,1,1,0,0,1,1,1,1,0,1,1,1,0,1,1,1,1
944,0,0,0,0,0,0,0,0,0,0,0,0,0,1,0,0,0,0,0,0,1620,1700,0,1,1,1,1,1,1,1,1,1,1,1,1,1,1,1,1,1,1,1,0,1,0,1,1,1,1,1,1,1,0,0,1,1,0,0,1,1,1,0,1,0,1,0,0,0,1,0,0,1,0,1,0,1,0,1,1,0,0,0,1,1,1,1,0,1,0,1,1,0,1,0,1,1,1,0,1,0,1,0,1,1,0,0,0,0,0,1,1,0,1,0,1,1,1,1,1,1,1,1
946,0,1,0,0,0,0,0,0,0,0,0,0,0,0,0,0,0,1,0,0,700,1959,1,0,1,1,1,1,1,1,1,1,1,1,1,1,1,1,0,1,1,1,1,1,1,1,1,1,1,0,0,1,1,0,1,0,0,0,1,1,1,1,1,0,0,0,0,0,1,0,0,1,0,1,0,1,0,1,1,0,1,0,1,0,1,1,1,1,1,1,1,1,1,1,1,0,1,1,1,0,1,0,1,1,1,1,1,0,0,0,1,1,1,1,1,1,0,1,0,1,0,1
948,0,0,0,1,0,0,0,0,0,0,0,0,0,0,0,0,0,0,0,1,120,300,0,1,1,1,1,0,1,0,0,0,1,0,0,1,1,1,1,0,1,1,0,1,0,1,1,1,1,1,1,1,0,0,1,1,0,0,1,0,1,1,1,0,1,1,1,0,1,0,0,1,0,1,0,1,0,1,1,0,1,0,1,0,1,1,0,1,0,1,1,1,1,0,1,1,0,0,1,0,1,1,0,1,1,0,1,0,0,1,1,0,1,0,1,0,1,1,1,1,1,0
949,0,0,0,0,0,0,0,0,0,0,0,0,0,0,1,0,0,0,0,0,1963,2020,1,0,1,1,0,0,0,1,0,0,1,0,1,1,1,1,0,1,1,1,1,1,0,0,1,1,1,1,0,0,1,0,1,0,0,0,1,1,0,0,1,0,0,0,0,0,0,0,0,0,0,0,0,0,0,1,0,0,0,0,1,1,1,1,0,1,0,1,1,1,1,0,0,1,0,0,1,0,1,0,0,0,1,1,1,0,0,1,0,0,1,0,1,1,1,0,0,0,0,0
950,0,0,0,1,0,0,0,0,0,0,1,0,0,0,0,0,0,0,0,0,1652,2020,1,1,1,1,1,0,1,0,0,0,1,0,1,1,1,1,1,0,1,0,0,1,0,1,1,1,1,1,1,1,0,0,0,0,0,0,1,0,1,1,1,0,1,0,0,0,0,0,0,1,0,1,0,1,0,0,0,0,0,0,1,1,1,1,0,1,0,1,1,1,1,0,0,0,1,0,1,0,1,0,1,1,1,1,1,1,0,1,1,0,1,0,1,1,1,1,1,1,1,1
952,0,0,0,0,0,0,0,0,1,0,0,0,0,0,0,0,0,0,0,1,1980,2020,1,0,1,1,0,1,1,1,1,0,1,1,1,1,1,1,0,1,1,0,1,1,1,1,1,1,1,0,0,1,0,0,0,0,0,0,1,1,1,1,1,1,0,0,1,0,0,0,0,1,0,1,0,1,0,1,1,0,1,0,1,1,1,1,0,1,0,1,1,1,1,0,0,1,0,0,1,0,1,0,1,1,1,1,1,0,1,1,1,0,1,0,1,1,0,1,0,0,0,0
953,0,0,0,0,0,0,0,0,0,0,0,0,0,0,0,0,0,1,0,0,1975,2020,1,1,1,0,1,0,1,0,0,0,1,0,0,1,1,1,0,0,0,1,0,1,0,1,1,1,1,1,1,1,0,0,0,0,0,0,0,0,1,0,1,0,1,0,0,0,0,0,0,0,0,0,0,1,0,0,0,0,0,0,1,1,1,1,0,1,0,1,1,1,1,0,0,1,0,0,1,0,1,1,0,1,0,1,1,0,0,1,1,0,1,0,1,0,0,0,1,1,1,0
957,0,0,0,0,0,0,0,0,0,0,0,0,0,1,0,0,0,0,0,0,-800,-300,1,0,0,0,0,1,0,1,1,1,1,1,1,0,1,1,0,0,1,1,0,1,0,1,1,1,1,1,1,1,1,0,1,1,0,1,0,1,0,0,1,0,0,0,0,0,1,0,0,1,1,1,0,0,0,0,0,0,0,0,1,1,1,0,0,1,0,1,1,1,0,1,0,1,0,0,1,0,1,0,1,0,0,0,0,0,0,1,0,0,1,0,1,1,0,0,1,1,1,1
958,0,0,0,0,0,0,0,0,0,0,0,0,0,1,0,0,0,0,0,0,1540,1773,1,1,1,1,1,1,1,1,0,1,1,0,1,1,1,1,1,0,1,1,0,1,0,1,1,1,1,1,1,1,1,0,1,0,0,0,1,1,1,1,1,1,1,1,1,0,0,0,0,1,0,1,0,0,0,1,1,1,1,0,0,1,1,0,0,0,0,1,1,1,0,1,0,0,0,0,0,0,1,0,1,0,1,1,0,0,0,0,1,0,1,0,1,1,0,1,1,1,1,1
960,0,1,0,0,0,0,0,1,0,0,0,0,0,0,0,0,0,1,0,0,1000,2020,1,0,1,1,1,1,1,1,1,0,1,1,1,1,1,1,1,1,1,1,1,1,1,1,1,1,1,1,0,1,0,0,1,0,0,0,1,1,1,1,1,1,1,0,0,0,1,0,0,1,0,1,0,0,0,1,0,0,1,0,1,1,1,1,0,1,0,1,1,1,1,0,1,0,0,0,1,0,1,1,1,0,1,0,1,0,0,1,0,0,1,0,1,0,0,0,0,1,1,1
961,0,0,0,0,0,0,0,0,0,0,0,0,0,1,0,0,0,0,0,0,1885,2020,1,1,1,1,0,1,1,1,1,0,1,1,1,1,1,1,0,1,1,1,0,1,1,1,1,1,1,1,1,1,0,0,1,1,0,0,1,1,1,1,1,0,1,0,0,0,0,0,0,1,0,0,0,0,0,0,0,0,0,0,1,1,1,1,0,1,0,1,1,1,1,0,1,1,0,0,1,0,1,1,1,0,1,1,1,0,0,1,0,0,1,0,1,0,0,0,1,1,1,1
962,0,1,0,0,0,0,0,0,0,0,0,0,1,0,0,0,0,0,0,0,1400,2000,1,1,1,1,1,1,1,1,1,1,1,1,1,1,1,1,1,1,1,1,1,1,1,0,1,1,1,1,0,0,1,0,1,0,0,0,1,1,1,1,1,1,1,0,1,0,0,0,0,1,0,0,0,1,0,1,1,0,0,0,1,0,1,1,1,1,1,1,1,0,1,1,1,1,1,1,1,1,1,1,1,1,1,1,1,1,1,1,1,1,0,1,0,1,1,1,0,1,1,1
963,0,0,0,1,0,0,0,0,0,1,0,0,0,1,0,0,0,0,0,0,1119,1312,1,1,1,1,1,1,1,1,1,1,1,1,1,1,1,1,1,0,1,1,0,1,1,1,1,1,0,0,1,1,0,0,1,0,0,0,1,1,1,1,1,1,1,1,1,0,1,0,0,1,0,1,0,0,0,1,1,1,1,0,1,0,0,0,1,1,0,0,1,1,0,1,1,0,0,1,1,0,1,0,1,1,1,1,1,1,0,0,1,0,1,1,1,1,1,1,1,1,1,1
964,0,0,0,0,0,0,0,1,0,0,0,0,0,0,0,0,0,1,0,0,1800,2020,1,1,1,1,1,1,1,1,0,0,1,1,1,1,1,1,0,1,1,1,1,1,1,0,1,1,0,1,1,0,0,0,1,0,0,0,1,1,1,1,1,0,1,0,1,0,0,0,0,0,0,1,0,1,0,0,0,0,0,0,1,1,1,1,0,1,0,1,1,1,1,0,1,1,0,0,1,0,1,1,1,0,1,1,1,0,0,1,0,1,1,0,1,0,0,0,1,0,1,0
965,0,0,0,0,0,0,0,0,0,0,1,0,0,0,0,0,0,0,0,0,323,548,1,1,1,1,1,1,1,1,1,1,1,1,1,1,1,1,1,0,1,1,0,1,1,1,1,1,1,1,1,1,0,0,1,0,0,0,1,0,1,1,1,1,1,0,1,0,1,1,0,1,0,1,0,0,0,1,1,1,1,0,0,1,1,1,1,1,1,1,1,1,1,1,1,0,1,0,0,0,1,0,1,1,1,0,1,1,0,0,1,0,1,1,1,1,0,1,1,1,1,1
966,0,0,0,0,1,0,0,0,0,0,0,1,0,0,0,0,0,0,0,0,1318,2020,1,1,1,1,1,1,1,0,1,1,1,1,1,1,1,1,1,1,1,1,0,1,1,1,1,1,1,1,1,1,0,0,1,0,0,0,1,1,1,1,1,1,1,0,1,0,1,0,0,1,0,1,0,0,0,1,1,0,0,0,1,1,1,1,1,0,0,1,1,1,0,0,1,1,1,0,0,0,1,0,1,1,1,1,1,0,0,1,1,1,1,1,1,1,0,1,1,1,1,1
967,0,0,0,0,0,0,0,0,0,0,0,0,0,1,0,0,0,0,0,0,1825,2020,1,0,1,1,0,0,0,1,0,0,1,0,0,1,0,1,0,1,1,0,0,1,0,0,0,1,1,0,0,0,0,0,0,0,0,0,1,0,0,0,1,0,0,0,0,0,1,0,0,0,0,0,0,0,0,1,0,0,0,0,0,1,1,1,0,1,0,1,0,0,1,0,0,1,1,0,0,0,1,0,0,1,1,1,1,0,0,0,1,0,1,0,1,0,0,1,0,0,0,0
968,0,0,0,1,0,0,0,0,0,1,0,0,0,0,1,0,0,0,0,0,1683,2021,1,1,1,1,1,0,1,0,0,1,1,0,0,1,1,1,1,0,1,0,0,1,0,1,1,1,1,0,1,1,0,0,1,0,0,0,1,0,1,1,1,0,1,0,0,0,1,0,0,1,0,1,0,1,0,1,0,0,0,0,1,1,0,1,0,1,0,1,1,1,1,0,1,0,1,0,1,0,1,1,1,1,1,1,1,1,0,1,1,1,1,1,1,1,1,1,1,1,1,1
969,0,1,0,0,0,0,0,0,0,0,0,0,0,0,0,0,0,1,0,0,1891,1940,1,0,1,1,1,0,1,1,0,0,1,0,1,1,1,1,0,1,0,0,1,1,0,0,0,1,1,0,0,0,0,0,0,0,0,0,0,0,0,1,1,0,0,0,0,0,1,0,0,1,0,1,0,1,0,1,0,0,0,0,1,1,1,1,0,0,0,1,1,1,1,0,1,0,1,0,0,0,1,0,0,0,1,0,1,0,0,1,0,1,1,0,1,1,0,0,0,0,0,0
970,0,0,0,0,0,0,0,0,0,0,0,0,0,1,0,0,0,0,0,0,-323,500,1,0,1,1,1,1,1,1,1,1,1,1,1,1,1,1,1,1,1,0,0,1,1,1,1,1,1,0,1,1,1,0,0,0,1,0,1,0,0,1,1,1,1,0,1,0,1,0,0,1,0,1,0,1,0,1,1,0,0,0,1,1,1,1,0,1,0,1,1,1,1,1,0,1,1,0,1,1,1,1,1,0,1,0,1,1,1,1,0,0,1,0,1,1,0,0,1,1,1,1
971,0,0,0,0,0,0,0,1,0,0,0,0,0,0,0,0,0,1,0,0,500,2020,1,0,1,1,1,1,1,1,1,1,1,1,1,1,0,0,1,1,1,1,1,1,0,1,1,1,1,1,1,1,0,0,1,0,0,0,0,1,0,0,1,1,1,0,0,0,1,0,0,1,0,1,0,0,0,1,0,0,0,1,1,1,1,1,0,1,0,1,1,1,1,0,0,0,0,0,1,0,1,1,1,0,1,1,1,0,0,1,0,0,1,0,1,1,0,0,1,1,1,1
972,0,0,0,0,0,0,0,0,0,0,0,0,0,0,0,0,0,0,0,1,431,1500,1,0,1,1,0,1,1,1,1,1,1,1,1,1,1,1,1,1,1,1,0,1,0,1,1,1,1,1,1,1,0,0,1,1,1,0,1,0,1,0,0,0,1,0,0,0,1,0,0,1,0,1,0,1,0,1,0,0,0,0,0,1,1,1,1,1,0,1,0,1,0,0,0,1,1,0,1,0,0,0,1,1,1,1,1,0,1,0,0,0,1,0,1,0,0,0,1,1,1,1
973,0,0,0,0,0,0,0,0,0,0,0,0,0,0,0,0,0,1,0,0,1845,2019,1,1,0,1,1,0,1,0,1,1,1,1,1,1,1,1,0,1,1,1,0,1,1,1,1,1,1,1,1,1,1,1,1,1,1,0,1,1,0,1,1,1,1,0,1,0,1,0,0,1,0,1,0,1,0,0,1,0,0,0,1,1,0,1,1,1,0,1,1,1,0,1,1,1,1,0,1,0,1,0,1,0,0,0,0,1,1,0,0,0,0,0,0,1,1,1,1,1,1,1
974,0,0,0,1,0,0,0,0,0,1,0,0,0,0,0,0,0,0,0,1,1204,1261,1,1,1,1,1,1,1,1,1,1,1,1,1,1,1,1,1,0,1,1,0,1,1,1,1,1,1,1,1,1,0,0,1,0,0,0,1,1,1,1,1,0,1,0,0,0,1,0,0,1,0,1,0,1,0,1,1,0,0,0,1,1,1,0,1,1,0,1,1,1,1,1,1,1,0,0,0,0,1,0,1,1,1,1,1,1,0,0,1,0,1,1,1,1,1,1,1,1,1,0
975,0,0,0,0,0,0,0,0,0,0,0,0,0,0,1,0,0,0,0,0,1980,2020,1,1,1,1,0,0,1,1,0,0,1,0,0,1,1,1,1,0,1,1,0,1,0,1,1,1,1,1,1,1,0,0,1,0,0,0,1,0,1,1,1,0,1,0,0,0,0,0,0,1,0,0,0,1,0,1,0,0,0,0,1,1,1,1,0,1,0,1,1,1,1,0,0,1,1,0,1,0,1,1,0,0,1,1,1,0,0,1,1,0,1,0,1,1,0,0,1,1,1,1
976,0,0,0,0,0,0,0,0,0,0,0,0,0,0,0,0,0,1,0,0,1187,2019,1,0,1,1,0,0,1,0,1,0,1,0,1,1,0,1,0,1,1,1,1,1,1,1,1,1,1,0,1,1,1,0,1,0,0,0,0,1,0,1,1,0,0,0,1,0,0,1,0,1,0,1,0,1,0,1,0,0,0,0,1,0,1,0,0,1,0,1,1,1,0,0,0,1,0,0,0,0,1,0,0,0,1,0,0,0,0,0,0,0,0,0,0,1,0,0,1,1,1,1
977,0,0,0,0,1,0,0,1,0,0,0,0,0,0,0,0,0,1,0,0,1200,2020,1,1,1,1,1,1,0,0,1,1,1,1,1,1,1,1,0,1,1,1,0,1,1,1,1,1,1,0,1,1,0,0,1,0,0,0,1,1,1,0,1,1,0,0,1,0,0,0,0,1,0,1,0,1,0,1,1,0,0,0,1,1,1,1,0,0,0,1,1,1,1,0,1,0,1,0,1,0,1,1,1,0,1,1,1,0,0,1,1,0,1,0,1,0,1,0,1,1,1,0
978,0,0,0,1,0,0,0,0,0,0,0,0,0,0,0,0,0,0,1,0,1500,2020,1,1,1,1,1,1,1,1,1,0,1,1,1,1,1,1,0,0,1,1,0,1,1,1,1,1,1,1,1,1,0,0,1,1,0,0,1,1,1,1,1,0,1,0,0,0,0,0,0,1,0,1,0,1,0,1,1,0,0,0,1,1,1,1,1,1,0,1,1,1,1,0,1,1,1,0,1,0,1,0,1,1,1,1,1,0,0,1,1,0,1,1,1,1,0,1,1,0,1,0
980,0,1,0,0,0,0,0,0,0,0,0,0,1,0,0,0,0,0,0,0,1175,1333,0,0,1,1,1,1,1,1,1,0,1,1,1,1,1,1,1,0,1,1,1,1,1,1,1,1,1,1,1,1,1,0,1,0,0,0,1,1,1,1,1,0,0,0,1,0,1,0,0,0,0,1,0,1,0,1,0,1,0,0,1,1,1,1,0,1,0,1,0,0,0,0,1,1,1,0,1,0,1,0,0,1,1,1,1,1,0,1,1,0,0,0,0,1,1,1,1,0,1,0
981,0,0,0,0,1,0,0,0,0,0,0,0,0,0,1,0,0,0,0,0,1930,2020,1,1,1,1,1,0,1,0,0,1,1,0,0,1,1,1,1,1,1,0,0,1,0,1,1,1,1,1,1,1,0,0,0,0,0,0,1,1,1,1,1,1,0,0,1,0,1,1,0,1,0,1,0,1,0,1,1,0,0,0,1,1,0,1,0,1,0,1,1,0,1,1,1,1,1,0,1,1,1,1,0,0,1,1,1,1,0,1,1,0,0,0,0,1,1,1,1,0,0,0
982,0,0,0,0,0,0,0,0,0,1,0,0,0,0,0,0,0,0,0,1,-499,100,1,1,1,1,1,1,1,1,1,1,1,1,1,1,1,1,0,1,1,1,0,1,1,1,1,0,1,0,1,1,1,0,1,0,0,0,1,1,1,1,1,1,1,0,1,0,1,0,0,1,0,1,0,1,0,1,1,0,1,1,1,1,1,1,1,1,0,1,1,1,1,1,1,1,1,0,1,0,1,1,1,1,1,0,1,1,1,1,1,1,1,1,1,1,1,0,1,1,1,1
983,0,1,0,0,0,0,0,0,0,0,0,0,0,0,0,0,0,1,0,0,600,2020,1,0,1,1,0,1,1,1,0,0,1,1,1,1,1,1,0,1,1,1,1,1,1,1,1,1,1,1,1,1,1,0,1,0,0,0,1,1,0,1,1,0,1,0,0,0,1,0,0,1,0,1,0,1,0,1,0,0,0,1,1,1,1,1,1,1,0,1,1,1,1,1,1,1,1,0,1,0,1,1,1,0,1,0,1,1,0,1,0,1,1,0,1,0,1,0,1,1,1,1
984,0,0,0,1,0,0,0,0,0,0,0,0,0,1,0,0,0,0,0,0,1520,1565,1,1,1,1,1,0,1,0,1,0,1,0,1,1,1,1,1,1,1,1,0,1,0,1,1,1,1,1,1,1,0,0,1,0,0,0,1,0,1,0,1,0,1,0,0,0,1,1,0,1,0,1,0,1,0,1,1,0,0,0,1,1,1,1,1,1,0,1,1,1,1,1,0,1,1,0,1,0,1,0,0,1,1,1,1,1,0,0,0,0,1,0,1,1,1,0,1,1,1,1
985,0,0,0,1,0,0,0,0,0,0,0,0,0,1,0,0,0,0,0,0,1108,1299,1,1,1,1,1,1,1,1,1,0,1,1,1,1,1,1,1,0,1,1,0,1,1,0,1,1,1,1,1,0,1,0,1,0,0,0,1,1,1,1,1,0,1,0,1,0,1,0,0,1,0,1,0,0,0,1,1,1,1,0,0,1,1,0,1,0,0,1,1,1,1,0,1,0,1,0,1,0,1,0,1,0,1,1,0,1,1,0,1,0,1,0,1,1,1,1,1,1,1,0
986,0,0,0,0,0,0,0,0,0,0,0,0,0,1,0,0,0,0,0,0,150,529,1,0,1,0,1,0,1,1,0,0,1,0,0,1,1,1,0,1,0,0,1,1,0,0,1,1,1,0,0,0,0,0,0,0,0,0,0,0,0,0,1,0,0,0,0,0,1,0,0,0,0,0,0,0,0,1,0,0,0,0,1,1,1,1,0,1,0,1,1,1,1,0,0,0,0,0,0,0,1,1,0,0,0,0,1,0,0,1,0,0,1,0,1,0,0,0,0,0,0,0
987,0,0,0,0,0,0,0,0,0,0,0,0,0,0,0,0,0,1,0,0,1600,2020,1,0,1,1,1,1,1,1,1,0,1,1,1,1,1,1,0,0,0,1,0,1,1,1,1,1,1,1,1,1,0,0,1,0,0,0,0,1,1,1,1,0,0,0,0,0,1,0,0,0,0,1,0,0,0,1,0,0,0,0,1,1,1,1,0,1,0,1,1,0,1,0,0,1,1,0,0,0,1,1,1,1,1,1,1,0,0,1,1,0,1,0,1,1,0,1,1,1,1,0
988,0,0,0,1,0,0,0,0,0,0,0,0,0,0,1,0,0,0,0,0,1832,2020,1,0,1,0,0,0,1,0,0,0,1,0,0,1,0,1,1,0,1,1,0,1,0,1,1,1,1,1,1,1,0,0,1,1,0,0,1,0,1,1,1,0,1,0,0,0,1,0,0,1,0,1,0,1,0,1,0,0,1,0,0,1,0,0,0,1,0,1,0,0,0,0,0,1,0,0,0,0,1,0,0,1,1,1,0,0,0,0,1,0,0,0,0,0,0,1,1,1,1,1
989,0,0,0,0,0,0,0,0,0,0,0,0,0,1,0,0,0,0,0,0,1928,2020,1,0,1,1,0,1,1,1,0,0,1,1,1,1,1,1,1,1,1,1,0,1,1,1,1,1,1,0,1,1,0,0,1,0,0,0,1,1,1,1,1,0,1,0,0,0,1,0,0,1,0,1,0,1,0,1,1,0,1,0,1,1,1,1,1,1,0,1,1,1,1,0,0,1,1,0,1,0,1,1,1,0,1,1,1,0,0,1,0,0,1,0,1,1,1,0,1,1,1,1
991,0,1,0,0,0,0,0,0,0,0,0,0,0,0,1,0,0,0,0,0,1944,1969,1,0,1,0,0,0,0,0,0,0,1,0,0,1,1,1,0,0,0,0,1,1,0,0,0,1,0,0,0,0,0,0,0,0,0,0,0,0,0,1,1,0,0,0,0,0,0,0,0,0,0,0,0,0,0,0,0,0,1,0,0,1,0,0,0,0,0,0,0,0,0,0,0,0,0,0,0,0,0,0,0,0,0,0,0,0,0,0,0,0,0,0,0,0,0,0,0,0,0,0
993,0,0,0,0,0,0,0,0,0,0,0,0,0,1,0,0,0,0,0,0,-712,380,1,0,1,1,1,1,1,1,1,1,1,1,1,1,1,1,0,0,1,0,0,1,1,1,1,1,1,1,1,1,1,0,0,1,0,1,1,0,0,0,1,0,0,0,0,0,1,0,0,1,0,1,0,0,0,0,0,0,0,0,1,1,0,0,1,1,0,1,1,0,1,1,0,1,1,0,1,1,1,1,1,1,1,1,1,1,0,1,1,0,1,0,1,1,0,1,1,1,1,1
994,0,0,0,1,0,0,0,0,0,0,1,0,0,0,0,0,0,0,0,0,330,470,1,1,1,1,1,0,1,0,0,0,1,0,0,1,1,1,0,0,1,1,0,1,1,1,1,1,1,1,1,1,0,0,1,0,0,0,1,0,1,1,1,1,1,0,1,0,1,1,0,1,0,1,0,0,0,1,1,1,1,0,0,1,1,1,0,1,0,1,1,1,1,0,1,0,0,0,1,0,1,0,0,0,1,0,1,0,0,0,0,0,1,0,1,0,0,0,1,1,1,0
995,0,0,0,0,0,0,0,1,0,0,0,0,0,0,0,0,0,1,0,0,1841,2020,1,0,1,1,1,1,1,1,0,0,1,1,1,1,0,1,0,1,0,0,1,1,1,0,1,1,1,1,1,0,0,0,0,0,0,0,0,0,0,1,1,0,0,0,1,0,0,0,0,0,0,0,0,1,0,1,0,0,0,0,1,1,1,1,0,1,0,1,1,1,1,0,1,0,1,0,0,0,1,1,0,0,1,0,1,0,1,1,0,0,1,0,1,1,0,0,1,0,0,0
997,0,0,0,0,0,0,0,0,1,0,1,0,0,0,0,0,0,0,0,0,-2950,-2670,1,0,0,0,1,1,1,1,1,1,1,1,1,0,0,1,0,0,1,1,0,1,1,1,1,1,1,1,1,1,1,0,1,1,0,1,1,1,0,0,1,0,0,0,0,0,1,0,0,1,0,1,0,0,0,0,0,0,1,0,0,0,0,0,0,0,0,0,1,0,0,0,1,0,0,0,1,0,0,1,1,1,0,0,1,0,1,0,0,1,0,0,0,1,1,0,1,1,1,1
1004,0,0,0,0,0,0,0,0,0,0,0,0,0,1,0,0,0,0,0,0,-200,300,1,1,0,0,0,1,0,1,1,1,1,1,1,0,1,1,0,0,1,1,0,1,1,1,1,1,1,1,1,1,1,0,1,1,0,0,1,1,0,0,1,0,0,0,0,0,1,0,0,1,0,1,0,0,0,0,0,0,0,0,1,1,1,0,0,1,0,1,1,1,1,0,0,1,0,0,1,0,1,0,1,0,0,0,1,0,0,1,0,0,1,0,1,0,0,0,1,1,1,1
1006,0,0,0,0,0,0,0,0,1,0,1,0,0,0,0,0,0,0,0,0,-2670,-2168,1,0,1,1,0,1,0,1,1,1,1,1,1,1,0,1,0,1,1,1,0,1,1,1,1,1,1,1,1,1,1,0,1,1,0,0,1,1,0,0,1,0,0,0,1,0,1,0,0,1,0,1,0,0,0,1,0,0,1,0,1,1,1,0,0,1,0,1,1,1,1,0,1,1,1,0,1,0,1,1,1,0,0,0,1,0,1,1,0,1,0,0,0,1,0,0,1,1,1,1
1008,0,0,0,0,0,0,0,0,1,0,1,0,0,0,0,0,0,0,0,0,-2168,-2010,1,0,1,1,1,1,0,1,1,1,1,1,1,1,0,1,0,1,1,1,0,1,1,1,1,1,1,1,1,1,1,0,1,1,0,0,1,1,0,0,1,0,1,0,1,0,1,0,0,1,0,1,0,0,0,1,0,0,1,0,1,0,1,0,0,1,0,1,1,1,1,0,1,1,1,0,1,0,1,1,1,1,0,0,1,0,1,1,1,1,1,0,1,1,1,0,1,1,1,1
1010,0,0,0,0,0,0,0,0,0,0,0,0,0,1,0,0,0,0,0,0,-530,200,1,0,1,1,1,0,1,0,0,0,1,0,0,1,1,1,0,0,0,1,1,1,1,0,1,1,1,0,0,0,0,0,1,0,0,0,0,0,0,1,1,0,0,0,1,0,0,0,0,1,0,0,0,0,0,1,0,0,1,0,1,1,0,1,0,1,0,1,1,1,1,0,1,0,0,0,0,0,1,1,0,0,0,0,0,0,0,1,0,0,1,0,1,0,0,0,0,0,0,0
1012,0,0,0,1,0,0,0,0,0,0,1,0,0,0,0,0,0,0,0,0,550,1500,1,0,1,1,0,1,1,1,1,1,1,1,1,1,1,1,1,0,1,1,0,1,0,1,1,1,1,1,1,1,1,0,1,0,0,0,1,1,1,0,1,0,1,0,0,0,1,0,0,1,0,1,0,1,0,1,1,0,1,0,0,1,1,0,1,1,0,1,1,1,1,0,1,1,0,0,1,0,1,0,1,1,1,1,1,1,1,0,1,0,1,0,1,1,1,1,1,1,1,1
1013,0,0,0,1,1,0,0,1,0,0,0,0,0,0,0,0,0,1,0,0,1510,1640,1,1,1,1,0,0,0,0,0,1,1,0,1,1,1,1,0,1,0,1,0,1,0,1,1,1,1,1,1,1,0,0,1,1,0,0,0,1,1,0,1,1,1,0,1,0,1,0,0,1,0,1,0,0,0,1,0,0,0,0,1,0,1,1,0,1,0,1,1,1,1,0,1,1,0,0,1,0,1,1,1,0,1,1,1,0,0,1,0,0,1,0,1,0,0,0,1,1,1,1
1016,0,0,0,0,0,0,0,0,1,0,1,0,0,0,0,0,0,0,0,0,-4000,-3400,1,1,0,0,0,0,0,1,0,1,1,0,0,0,0,0,0,0,1,1,0,1,0,1,1,1,1,1,1,1,1,0,1,1,0,0,1,0,0,0,1,0,0,0,1,0,1,0,0,1,0,1,0,0,0,0,0,0,0,0,0,0,0,0,0,0,0,0,1,0,0,0,1,0,0,0,0,0,0,0,0,0,0,0,0,0,0,0,0,0,0,0,0,0,0,0,1,1,1,1
1024,1,1,0,0,0,0,0,0,0,0,0,0,1,0,0,0,0,0,0,0,1200,1920,1,0,1,1,0,1,0,1,1,0,1,0,1,1,1,0,0,0,1,1,1,1,1,1,1,1,1,1,1,1,1,0,1,0,1,0,1,1,0,1,1,1,0,0,1,0,0,0,0,1,0,0,0,0,0,1,1,1,1,0,1,1,1,1,0,1,0,1,1,1,1,0,1,0,0,0,1,0,1,1,0,0,1,1,1,0,0,1,0,0,1,1,1,1,0,0,1,1,1,1
1028,0,0,0,0,0,0,0,0,0,0,0,0,0,1,0,0,0,0,0,0,1100,1250,0,1,1,1,1,0,1,0,0,1,1,0,1,1,0,1,0,0,0,1,0,1,1,1,1,1,1,0,1,1,1,0,1,0,1,0,0,1,1,0,1,1,1,0,1,0,1,0,0,1,0,1,0,1,0,1,1,0,0,0,1,0,1,0,1,0,0,1,1,0,1,1,1,0,1,0,1,0,1,0,1,1,0,0,0,1,0,0,1,0,0,1,0,1,1,1,1,1,1,1
1031,0,0,0,0,0,0,0,0,0,0,0,0,0,1,0,0,0,0,0,0,300,600,1,1,1,1,1,0,1,0,1,1,1,0,1,1,1,1,1,1,1,1,1,1,1,1,1,1,1,1,1,1,1,0,1,1,0,0,1,1,1,1,1,1,1,0,1,0,1,0,0,1,0,1,0,1,0,1,1,1,1,0,1,1,1,1,0,0,0,1,1,0,1,1,1,1,0,0,0,0,1,1,1,1,0,0,0,1,1,1,1,1,1,0,1,1,1,1,1,1,1,1
1037,0,0,0,0,0,0,0,0,1,0,1,0,0,0,0,0,0,0,0,0,-1100,-650,1,0,0,0,1,1,0,1,1,1,1,1,1,0,0,1,0,0,1,1,0,1,1,1,1,1,1,1,1,1,1,0,1,1,1,0,1,1,0,0,1,1,1,0,1,0,0,0,0,1,0,0,0,1,0,0,0,0,1,0,1,1,1,1,0,1,0,1,1,1,1,0,1,1,0,0,0,0,1,1,1,0,0,0,1,0,1,1,0,1,1,0,1,1,1,0,1,1,1,1
1038,1,0,0,0,0,0,0,0,0,0,0,0,1,0,0,0,0,0,0,0,1644,1911,1,1,1,1,1,1,1,1,0,0,1,1,1,1,1,1,0,0,1,1,0,1,1,1,1,1,1,1,1,1,0,0,1,0,0,0,1,1,1,1,1,1,1,0,1,0,1,0,0,1,0,1,0,0,0,1,1,0,0,0,1,1,1,1,0,1,1,1,1,1,1,0,1,1,1,0,0,0,1,1,1,1,1,1,1,0,0,1,1,1,1,1,1,0,0,1,1,1,1,1
1041,0,0,0,1,0,0,0,0,0,1,0,0,1,0,0,0,0,0,0,0,1600,2021,1,1,1,1,0,1,1,1,1,0,1,1,1,1,1,1,1,1,1,1,0,1,1,1,1,1,1,1,1,1,1,0,1,0,0,0,1,1,1,1,1,1,1,0,1,0,1,0,0,1,0,1,0,1,0,1,1,0,1,0,1,1,1,1,1,1,0,1,1,1,1,1,1,1,1,0,1,0,1,1,1,1,1,1,1,1,1,1,1,1,0,0,1,1,1,1,1,1,1,1
1043,0,0,0,0,1,0,0,0,0,1,0,0,0,0,0,0,0,0,1,0,1500,2020,1,1,1,1,1,1,1,0,1,1,1,1,1,1,1,1,1,1,1,1,0,1,1,1,1,1,1,1,1,1,0,0,1,0,0,0,1,1,1,1,1,1,1,0,1,0,1,0,0,1,0,1,0,1,0,1,1,0,1,1,1,1,1,1,1,1,0,1,1,1,1,1,1,1,1,0,1,0,1,1,1,1,1,0,1,1,1,1,1,1,1,0,1,1,1,0,1,1,1,1
1044,1,0,0,0,0,0,0,0,0,0,0,0,1,0,0,0,0,0,0,0,-141,-87,1,0,0,0,0,0,0,0,1,0,1,0,1,0,0,0,0,0,1,1,0,1,0,1,1,1,0,1,1,1,0,0,1,1,0,0,1,1,0,0,0,0,0,0,0,0,0,0,0,1,0,0,0,0,0,0,0,0,1,0,1,1,1,1,0,1,0,1,1,1,1,0,0,1,0,0,1,0,1,1,1,0,1,1,1,1,0,1,0,0,1,1,1,1,0,0,1,1,1,1
1051,0,0,0,0,0,0,0,0,0,0,1,0,0,0,0,0,0,0,0,0,-1960,-1550,1,0,0,0,0,1,0,1,1,1,1,1,1,0,0,1,0,0,1,1,0,1,1,1,1,1,1,1,1,1,1,0,1,1,0,1,1,1,0,0,1,0,0,0,1,0,1,0,0,1,0,1,0,0,0,1,0,0,0,0,1,1,1,0,1,0,1,1,1,1,1,1,1,0,1,0,0,0,1,1,1,1,0,0,0,1,1,1,0,1,1,1,1,1,1,0,1,1,1,1
1060,1,0,0,0,0,0,0,0,0,0,0,0,1,0,0,0,0,0,0,0,1500,1600,1,0,1,0,0,0,1,0,1,0,1,0,1,1,1,1,1,1,1,1,1,1,0,0,1,1,1,1,1,0,0,0,1,0,0,0,1,1,0,0,1,0,0,0,0,0,0,0,0,0,0,0,0,1,0,1,0,0,0,0,1,1,1,0,0,1,0,1,1,1,1,0,0,1,0,0,0,0,1,0,0,1,0,0,1,0,0,1,1,1,1,0,1,1,0,1,1,0,0,0
1069,0,0,0,0,0,0,0,0,0,0,1,0,0,0,0,0,0,0,0,0,-1504,-1069,1,0,1,1,1,1,0,1,1,1,1,1,1,1,0,1,0,1,1,1,0,1,1,1,1,1,1,1,1,1,1,0,1,1,0,0,1,1,0,0,1,1,1,0,1,0,1,0,0,1,0,1,0,0,0,1,0,0,1,0,1,1,1,1,1,1,1,1,1,1,1,1,1,1,1,0,1,1,1,1,1,1,1,1,1,1,1,1,1,1,1,1,1,1,1,1,1,1,1,1
1071,0,0,0,0,0,0,0,0,0,0,1,0,0,0,0,0,0,0,0,0,2001,2021,1,0,0,0,0,1,0,1,0,0,1,1,1,0,0,1,0,0,1,1,0,1,1,1,1,1,1,1,0,1,0,0,1,0,0,0,1,1,0,1,1,0,0,0,0,0,0,0,0,1,0,0,0,0,0,0,0,0,1,0,1,1,1,1,0,1,0,1,1,1,1,0,0,1,0,0,0,0,1,1,1,0,1,1,1,0,0,1,0,0,1,0,1,1,1,0,0,1,1,1
1076,0,0,0,1,0,0,0,0,0,0,0,0,0,0,0,0,0,1,0,0,1560,1773,0,1,1,1,1,1,1,1,1,0,1,1,1,1,1,1,1,0,1,1,0,1,1,1,1,1,1,1,1,1,0,0,1,0,0,0,1,1,1,1,0,1,1,0,1,0,0,0,0,1,0,1,0,0,0,1,1,1,1,0,1,1,1,1,1,1,0,1,1,1,0,0,0,0,0,0,1,1,1,1,1,0,1,1,1,1,0,1,0,0,0,0,1,1,0,0,1,1,1,1
1083,0,1,0,0,0,0,0,0,0,0,0,0,0,0,0,0,0,1,0,0,1625,2021,1,0,1,1,0,1,1,1,1,0,1,1,1,1,1,1,0,1,1,1,1,1,1,1,1,1,1,1,0,1,1,0,1,0,0,0,1,1,1,0,1,1,1,0,1,0,0,0,0,0,0,1,0,0,0,1,0,0,0,0,1,1,1,1,1,1,0,1,1,1,1,0,1,1,1,0,1,0,1,1,1,0,1,1,1,0,1,1,0,0,1,0,1,1,0,0,0,1,1,1
1087,0,0,0,1,0,0,0,0,0,0,0,0,0,1,0,0,0,0,0,0,969,1400,1,1,1,1,1,0,1,1,0,1,1,0,1,1,1,1,1,1,1,1,0,1,0,1,1,1,1,1,1,1,0,0,1,1,0,0,1,0,1,1,1,0,1,0,1,0,1,0,0,1,0,0,0,0,0,1,1,0,0,0,1,1,1,1,0,1,0,1,1,1,1,0,1,0,0,0,1,0,1,1,1,0,1,1,1,0,0,1,0,0,1,0,1,0,0,0,1,1,1,1
1106,0,0,0,0,0,0,0,0,1,0,1,0,0,0,0,0,0,0,0,0,-2750,-2150,1,0,1,0,1,1,1,1,1,1,1,1,1,1,0,1,0,0,1,1,0,1,1,0,1,1,1,1,0,0,1,0,1,0,0,0,1,0,0,0,1,0,0,0,1,0,1,0,0,1,0,1,0,0,0,0,0,0,1,0,0,0,0,0,1,0,1,0,1,0,0,1,1,0,0,1,0,0,0,0,1,1,0,0,0,1,1,0,0,1,0,1,0,1,1,0,0,1,1,1
1108,0,0,0,1,0,0,0,0,0,1,0,0,0,0,0,0,0,0,0,1,0,600,1,1,1,1,1,1,1,1,1,1,1,1,1,1,1,1,1,0,1,1,0,1,1,1,1,1,1,1,1,1,0,0,1,1,0,0,1,0,1,1,1,1,1,0,1,0,1,1,0,1,0,1,0,1,0,1,1,0,1,0,1,1,1,1,1,1,0,1,1,1,1,0,1,1,1,0,0,0,1,1,1,1,1,1,1,1,0,1,1,1,1,0,1,1,1,1,1,1,1,1
1109,1,0,0,0,0,0,0,0,0,0,0,0,1,0,0,0,0,0,0,0,960,1279,1,0,1,1,1,0,1,1,1,0,1,0,1,1,1,1,1,0,1,1,1,1,1,0,1,1,1,1,1,0,1,0,1,0,0,0,1,1,1,1,1,0,0,0,1,0,1,0,0,1,0,1,0,0,0,1,0,1,0,0,0,0,1,1,0,1,0,1,1,1,0,0,1,0,1,0,0,0,1,0,0,0,0,0,0,0,0,0,0,0,0,1,0,1,1,1,1,0,0,0
1125,0,0,0,0,0,0,0,0,1,0,1,0,0,0,0,0,0,0,0,0,-1292,-1070,1,0,1,1,1,1,0,1,1,1,1,1,1,1,0,1,0,1,1,1,0,1,1,1,1,1,1,1,1,1,1,1,1,1,1,0,1,1,0,0,1,1,1,0,1,0,1,0,0,0,0,1,0,0,0,1,0,0,0,0,0,1,0,0,1,0,0,0,0,0,0,1,1,0,1,1,0,1,0,0,1,0,0,0,0,1,1,0,0,1,0,1,0,1,1,0,1,1,1,1
1127,0,0,0,0,0,0,0,0,0,1,0,0,1,0,0,0,0,0,0,0,1890,2021,1,1,1,1,0,1,0,1,0,0,1,1,1,1,1,1,1,0,1,1,1,1,1,1,1,1,1,1,1,1,0,0,1,0,0,0,1,1,1,1,1,0,1,0,0,0,0,0,0,1,0,1,0,0,0,1,0,0,0,0,1,1,1,1,1,1,0,1,1,1,1,0,0,1,1,0,1,0,1,1,1,1,1,1,1,0,0,1,1,1,1,0,1,1,0,1,1,1,1,1
1129,0,0,0,0,0,0,0,0,0,0,0,0,0,1,0,0,0,0,0,0,-700,476,1,0,0,0,0,1,1,1,1,1,1,1,1,0,0,1,0,0,1,1,0,1,1,1,1,1,1,1,1,1,1,0,1,1,0,1,1,1,0,0,1,0,1,0,0,0,1,0,0,1,0,1,0,0,0,0,0,0,1,0,1,1,1,1,0,1,0,1,1,1,1,1,1,1,0,0,1,0,1,1,1,0,1,1,1,0,0,1,0,0,1,0,1,1,1,0,1,1,1,1
1133,0,0,0,0,0,0,0,0,0,0,1,0,0,0,0,0,0,0,0,0,-305,284,1,0,1,1,1,1,1,1,1,1,1,1,1,1,0,1,1,1,1,1,0,1,1,0,1,1,1,1,1,0,1,1,1,1,1,1,1,1,0,0,1,0,1,0,1,0,1,0,0,0,0,0,0,1,0,1,0,0,1,0,0,0,0,0,0,0,0,0,1,0,0,0,1,0,1,0,1,0,0,0,0,1,0,0,1,0,0,0,1,0,0,0,0,1,1,1,1,0,0,0
1134,1,0,0,0,0,0,0,0,0,0,0,0,1,0,0,0,0,0,0,0,538,2022,1,0,1,0,1,1,1,1,1,0,1,1,1,1,0,1,0,1,1,1,1,1,1,0,1,1,1,1,1,0,0,0,1,0,0,0,1,1,0,0,1,1,1,0,1,0,0,0,0,0,0,1,0,0,0,1,0,0,0,1,1,1,1,1,1,1,0,1,1,1,1,0,0,1,1,0,0,0,1,1,0,0,0,0,1,1,0,1,0,0,1,0,1,1,0,0,1,0,0,0
1136,1,1,0,0,0,0,0,0,0,0,0,0,1,0,0,0,0,0,0,0,1910,1951,1,0,1,0,0,0,1,0,1,0,1,0,0,1,0,1,1,0,0,1,0,0,0,1,1,0,0,0,0,1,0,0,1,0,0,0,0,0,1,0,1,0,0,0,0,0,1,0,0,1,0,1,0,1,0,1,1,0,0,0,0,0,0,0,0,0,0,0,0,0,0,0,0,0,0,1,0,0,0,0,0,1,0,0,0,0,0,0,1,0,0,0,0,0,0,0,0,1,1,1
1140,1,0,0,0,0,0,0,0,0,0,0,0,1,0,0,0,0,0,0,0,220,589,1,0,1,1,1,1,1,1,1,0,1,1,1,1,0,1,1,0,1,1,0,1,1,1,1,1,1,1,1,1,1,0,1,0,0,0,1,1,0,0,1,0,0,0,0,0,1,0,0,0,0,1,0,0,0,1,1,0,0,0,1,0,1,1,0,1,0,1,1,1,1,0,1,1,1,0,0,0,1,0,0,0,1,1,1,0,0,1,0,0,1,0,1,0,0,0,1,1,1,1
1149,1,0,0,0,0,0,0,0,0,0,0,0,1,0,0,0,0,0,0,0,618,906,1,0,1,1,0,1,1,1,1,0,1,1,1,1,1,1,1,0,1,1,0,1,1,1,1,1,1,1,1,1,1,0,1,1,0,0,1,1,1,1,0,0,1,0,1,0,1,0,0,1,0,1,0,0,0,1,1,0,1,0,1,1,1,0,0,1,0,1,1,1,0,0,1,1,1,0,1,0,0,1,1,1,0,1,1,0,1,1,0,0,1,0,1,1,0,0,1,1,1,0
1153,0,0,0,0,0,0,0,0,0,0,0,0,0,0,1,0,0,0,0,0,1784,1867,1,0,1,1,1,0,1,1,1,0,1,0,0,1,1,1,1,0,0,0,0,1,0,0,0,1,1,1,0,0,0,0,0,0,0,0,0,0,1,0,1,0,0,1,1,0,0,0,0,0,0,0,0,0,0,1,1,0,0,0,1,1,1,1,0,1,0,1,1,1,1,0,0,0,1,0,1,0,1,1,1,0,1,1,1,0,1,1,1,0,1,0,1,1,0,0,0,1,0,0
1154,1,0,0,0,0,0,0,0,0,0,0,0,1,0,0,0,0,0,0,0,1500,1950,1,0,0,0,0,0,1,0,0,0,1,0,1,0,0,0,0,0,0,1,1,1,0,1,1,1,0,0,0,1,0,0,1,0,0,0,0,1,0,0,0,0,1,0,0,0,0,0,0,1,0,0,0,0,0,0,0,0,1,0,1,1,1,1,0,1,0,1,1,1,1,0,0,1,0,0,1,0,1,1,0,0,1,1,1,0,0,1,0,0,1,0,1,0,0,0,0,1,1,1
1156,0,0,0,0,0,0,0,0,0,0,0,1,0,0,0,0,0,0,0,0,1429,1939,1,1,1,1,0,1,1,1,0,0,1,0,0,1,1,1,1,0,1,0,0,1,0,0,0,1,0,0,0,0,0,0,0,0,0,0,1,0,1,1,1,0,0,0,1,0,0,0,0,1,0,0,0,1,0,1,1,1,1,0,0,1,1,1,1,0,0,1,1,1,1,0,0,0,1,0,0,0,1,0,1,1,1,1,1,0,0,1,1,0,0,1,0,1,1,1,0,0,0,0
1162,1,0,0,0,0,0,0,0,0,0,0,0,1,0,0,0,0,0,0,0,400,1400,1,0,1,1,0,1,1,1,1,0,1,1,1,1,1,1,0,0,1,1,0,1,1,1,1,1,1,1,1,1,1,0,1,0,0,0,1,1,1,0,1,0,0,0,1,0,1,0,0,1,0,1,0,1,0,1,1,0,0,0,1,0,1,1,0,1,1,1,1,1,1,0,1,0,1,0,1,0,1,1,0,1,1,1,1,0,1,1,0,0,1,0,1,1,0,1,1,1,1,1
1172,1,0,0,0,0,0,0,0,0,0,0,0,1,0,0,0,0,0,0,0,500,700,1,1,1,1,0,1,1,1,1,0,1,1,1,1,0,1,1,0,1,1,1,1,1,1,1,1,1,1,1,1,1,0,1,0,0,0,1,1,0,1,1,1,0,0,1,0,1,0,0,1,0,1,0,0,0,1,1,1,0,0,1,1,1,1,0,1,0,1,1,1,0,0,0,0,1,0,1,0,1,1,0,0,1,1,1,0,0,1,0,0,1,0,1,1,0,0,1,1,1,0
1178,0,0,0,0,0,0,0,0,0,0,0,0,0,0,0,0,1,0,0,0,1997,2021,1,0,1,1,0,0,0,1,0,0,1,0,1,1,1,1,0,1,1,1,1,1,0,1,1,1,1,1,1,1,1,0,1,1,0,0,1,1,0,0,1,0,0,0,1,0,1,0,0,1,0,1,0,1,0,1,1,0,0,0,0,0,1,1,0,1,0,1,0,1,1,0,0,1,0,0,1,0,1,0,0,0,1,0,0,0,0,0,0,0,1,0,1,0,0,0,1,1,1,1
1180,0,0,0,0,0,0,0,1,0,0,0,0,0,0,0,0,0,0,1,0,1600,2020,1,0,1,1,1,1,1,1,1,1,1,1,1,1,1,1,1,1,1,1,1,1,1,1,1,1,1,1,1,1,1,0,1,1,1,0,1,1,0,1,1,1,1,1,1,0,1,0,0,1,0,1,0,0,0,1,1,0,1,0,1,1,1,1,0,1,0,1,1,1,1,0,1,1,0,1,1,0,1,1,1,0,1,1,1,0,1,1,0,1,1,1,1,1,1,1,1,1,1,1
1183,0,0,0,0,0,0,0,0,0,0,0,0,0,0,0,0,0,0,0,1,-2100,-2000,1,0,1,1,1,1,1,1,1,1,1,1,1,1,1,1,0,1,1,1,0,1,1,1,1,1,1,1,1,1,1,0,1,1,0,1,1,1,0,0,1,0,1,0,1,0,1,0,0,1,0,0,0,0,0,1,0,0,0,0,0,0,0,0,1,0,1,1,1,1,0,1,1,0,1,1,1,1,1,0,1,1,0,0,0,1,0,0,1,1,1,1,1,1,1,1,1,1,1,1
1189,0,0,0,0,0,0,0,0,0,0,0,0,0,0,0,0,0,0,0,1,-920,-713,1,0,0,0,0,1,0,1,1,1,1,1,1,0,0,1,0,0,1,1,0,1,1,1,1,1,0,1,1,1,1,0,1,1,0,1,1,1,0,0,1,1,1,0,0,0,1,0,0,1,0,1,0,0,0,0,0,0,1,0,0,1,0,0,1,0,0,0,1,1,0,1,1,0,1,1,1,0,0,0,1,1,0,0,0,1,1,0,0,1,1,1,1,1,1,0,1,1,1,1
1191,0,0,0,0,0,0,0,0,0,0,1,0,0,0,0,0,0,0,0,0,-300,200,1,0,1,1,1,1,0,1,1,1,1,1,1,1,0,1,0,0,1,1,0,1,1,1,1,1,1,1,0,1,1,0,1,0,0,0,1,1,0,0,1,1,1,0,1,0,1,1,0,1,0,1,0,0,0,1,1,0,1,0,1,1,1,1,0,1,0,1,1,1,1,0,1,0,1,0,1,0,1,1,1,0,1,0,1,0,1,1,0,0,1,0,1,0,1,0,0,1,1,1
1192,0,0,0,0,0,0,0,0,0,0,0,0,0,0,0,0,0,0,1,0,1945,2021,1,1,1,0,1,1,1,1,1,1,1,1,1,1,1,1,1,1,1,1,1,1,1,1,1,1,1,1,1,1,1,0,1,1,0,1,1,1,1,0,1,1,1,0,1,0,1,0,0,1,0,1,0,0,0,1,1,0,1,0,1,1,1,1,0,1,0,1,1,1,1,0,1,1,1,0,1,0,1,1,1,0,1,1,1,0,1,1,1,1,1,1,1,1,1,1,1,1,1,1
1197,0,0,0,0,0,0,0,0,0,0,0,0,0,1,0,0,0,0,0,0,1917,1991,0,0,0,0,0,0,0,0,1,0,1,0,0,0,0,1,1,0,0,0,0,0,0,0,0,0,0,0,0,0,0,0,0,0,0,0,0,0,0,0,0,0,0,0,0,0,0,0,0,0,0,0,0,0,0,0,0,0,0,0,0,0,0,0,0,0,0,0,0,0,0,0,0,0,0,0,0,0,0,0,1,0,0,0,0,0,0,0,0,0,1,0,1,0,0,0,0,0,0,0
1210,0,0,0,0,0,0,0,0,0,0,1,0,0,0,0,0,0,0,0,0,1920,1950,1,0,0,0,1,0,1,1,1,1,1,0,1,0,1,1,0,0,1,1,1,1,1,1,1,1,1,1,1,1,1,0,1,0,0,0,1,1,0,0,1,0,1,0,0,0,1,0,0,0,0,1,0,1,0,0,0,0,0,0,1,1,1,1,1,1,1,1,1,1,1,1,1,1,1,0,1,0,1,0,1,1,1,1,1,1,0,0,0,1,1,1,1,1,1,1,1,1,1,1
1218,0,0,0,0,0,0,0,0,0,0,0,0,1,0,0,0,0,0,0,0,1870,2021,1,1,1,1,0,1,1,1,0,0,1,1,0,1,1,1,1,0,1,1,0,1,0,1,1,1,1,0,1,1,0,0,1,0,0,0,1,0,1,1,1,0,0,0,0,0,1,0,0,1,0,1,0,0,0,1,0,0,0,0,0,1,0,0,0,0,0,0,1,0,0,0,0,0,1,0,0,0,0,0,1,1,1,1,1,0,0,0,1,0,0,0,0,1,0,1,1,1,1,0
1220,0,1,0,0,0,0,0,0,0,0,0,1,0,0,0,0,0,0,0,0,1227,2023,1,0,1,0,1,1,0,1,1,1,1,1,1,1,0,1,0,1,1,1,1,1,1,0,1,1,1,1,0,0,1,0,1,0,0,0,1,1,0,0,1,0,0,0,0,0,0,0,0,1,0,1,0,0,0,0,0,0,1,0,1,1,1,1,0,1,0,1,1,1,1,0,0,1,0,0,1,0,1,1,1,0,1,1,1,0,0,1,0,0,1,0,1,1,1,0,0,1,1,1
1227,0,0,0,0,0,0,0,0,0,0,1,0,0,0,0,0,0,0,0,0,-800,360,1,0,0,0,1,1,0,1,1,1,1,1,1,0,0,1,0,0,1,1,0,1,1,1,1,1,1,1,1,1,1,0,1,1,0,0,1,1,0,0,1,0,1,0,0,0,1,0,0,1,0,1,0,1,0,1,0,0,0,0,1,1,1,1,1,1,1,1,1,0,1,1,1,1,1,0,1,0,1,1,1,1,1,1,1,1,0,1,1,1,1,1,1,1,1,1,1,1,1,1
1229,1,0,0,1,0,0,0,0,0,0,0,1,0,0,0,0,0,0,0,0,1950,2021,0,0,1,1,0,1,1,1,1,0,1,1,1,1,1,1,1,0,1,1,0,1,0,1,1,1,1,1,1,1,0,0,1,0,0,0,1,1,1,1,1,0,1,0,0,0,1,0,0,1,0,1,0,0,0,1,0,0,0,0,1,1,1,1,0,1,0,1,1,1,1,0,0,0,1,0,1,0,1,0,1,0,1,1,1,0,0,1,0,0,1,0,1,1,0,0,1,1,1,1
1231,1,0,0,0,0,0,0,0,0,0,0,0,1,0,0,0,0,0,0,0,1100,2021,1,0,1,1,0,1,1,1,1,0,1,1,1,1,1,1,1,0,1,1,1,1,1,1,1,1,1,1,1,1,1,0,1,0,0,0,1,1,1,0,1,1,1,0,1,0,1,0,0,1,0,1,0,1,0,1,1,0,1,0,1,1,1,1,0,1,0,1,1,1,1,0,1,1,1,0,1,0,1,1,1,0,1,1,1,1,1,1,0,0,1,1,1,1,1,0,1,1,1,1
1241,1,0,0,0,0,0,0,0,0,0,0,0,1,0,0,0,0,0,0,0,1837,1866,1,1,1,1,1,1,1,1,1,0,1,1,1,1,1,1,1,0,1,1,1,1,1,1,1,1,1,1,1,1,0,1,1,1,0,0,1,1,1,1,1,0,1,1,1,0,1,0,0,1,0,1,0,1,0,1,1,0,1,0,0,0,0,0,1,1,1,0,1,0,0,1,1,0,1,1,1,1,0,1,1,1,1,1,1,1,1,1,1,1,0,1,1,1,1,1,1,1,1,0
1247,0,0,0,1,0,0,0,0,0,1,0,0,0,0,1,0,0,0,0,0,1885,1885,1,0,1,1,0,0,0,1,1,0,1,0,1,1,1,1,1,0,1,1,0,1,1,1,1,1,1,1,1,1,0,0,1,1,0,0,1,1,1,0,1,1,1,0,1,0,1,0,0,1,0,1,0,1,0,1,1,0,1,0,1,1,1,1,1,1,0,1,1,1,1,0,1,1,1,0,1,0,1,0,1,1,1,1,1,1,0,1,1,0,1,0,1,1,1,0,1,1,1,1
1248,0,0,0,0,0,0,0,0,0,0,0,0,0,0,0,0,0,0,0,1,-1972,-1718,1,0,0,0,0,1,0,1,1,0,1,1,1,0,0,1,0,0,1,1,0,1,1,1,1,1,1,1,1,1,1,0,1,0,0,0,0,1,0,0,1,0,1,0,0,0,1,0,0,1,0,1,0,0,0,0,0,0,0,0,1,1,1,0,0,0,0,1,1,0,1,0,1,0,0,1,1,0,1,0,1,0,0,0,0,0,0,0,0,0,1,0,1,1,1,0,1,1,1,1
1250,0,0,0,0,1,0,0,0,0,1,0,0,0,0,0,0,0,0,0,1,850,1350,1,1,1,1,1,0,1,0,0,0,1,0,0,1,1,1,1,1,1,1,0,1,0,1,1,1,1,1,1,1,0,0,1,0,0,0,1,1,1,0,1,1,1,0,1,0,1,0,0,1,0,1,0,1,0,1,1,0,1,0,1,1,1,1,1,1,0,1,1,0,1,1,0,1,1,0,0,0,1,1,1,0,0,1,1,1,0,1,1,0,0,0,0,1,1,0,1,1,1,1
1258,0,0,0,0,0,0,0,0,0,1,0,0,0,0,0,0,0,0,0,1,-1000,-586,1,0,1,1,1,1,1,1,1,1,1,0,1,1,0,1,0,1,1,0,0,1,1,1,1,1,1,1,1,1,1,0,1,0,0,0,0,1,0,0,1,1,1,0,1,0,1,0,0,1,0,1,0,0,0,0,0,0,1,1,0,0,0,0,0,1,0,0,1,0,0,0,1,0,0,0,0,0,1,0,1,0,1,0,1,1,1,0,1,0,0,0,1,1,1,0,1,1,1,1
1259,0,0,0,0,0,0,0,0,0,0,0,1,0,0,0,0,0,0,0,0,1200,1900,1,0,1,0,0,1,0,1,1,0,1,1,1,1,0,1,1,1,1,1,1,0,0,1,1,1,0,0,1,1,1,0,1,1,0,0,1,0,0,0,1,0,0,1,0,0,0,0,0,1,0,1,0,1,0,1,0,0,0,0,1,0,1,0,0,1,0,1,1,0,1,0,0,1,1,0,0,0,1,1,0,1,1,0,1,1,0,1,1,1,0,0,0,1,0,1,1,1,1,1
1268,0,0,0,0,0,0,0,0,0,0,0,0,0,0,0,0,0,0,0,1,360,570,1,1,1,1,1,1,1,1,1,1,1,1,1,1,1,1,0,1,1,1,0,1,1,1,1,1,1,1,1,1,1,0,1,0,0,0,1,1,1,1,1,1,0,0,1,0,1,0,0,1,0,1,0,1,0,1,1,0,0,1,1,1,1,1,1,1,0,1,1,1,1,1,1,0,1,1,1,0,1,1,1,1,0,0,1,1,0,1,1,1,1,1,1,1,1,1,1,1,1,1
1279,0,0,0,0,1,0,0,0,0,0,0,0,0,0,0,0,0,0,1,0,1593,2004,1,1,1,0,0,1,0,1,1,1,1,1,1,1,0,1,0,1,1,1,0,1,1,0,1,1,1,1,1,0,0,0,1,0,0,0,1,1,0,1,1,1,0,1,0,0,0,0,0,1,0,1,0,0,0,1,1,0,0,0,0,1,1,1,1,1,0,1,1,1,1,1,1,1,0,0,1,0,1,1,1,0,1,0,1,1,1,1,0,0,1,0,1,1,0,0,0,0,0,0
1281,0,0,0,0,0,0,0,0,1,0,1,0,0,0,0,0,0,0,0,0,1910,1945,1,0,0,0,0,0,0,1,1,1,1,0,1,0,0,1,0,0,1,1,0,1,1,1,1,1,1,1,0,1,1,0,1,0,0,0,1,1,0,0,1,1,1,0,1,0,1,0,0,0,0,1,0,0,0,0,1,0,1,0,1,1,1,1,1,1,0,1,1,1,1,1,1,1,0,0,1,0,1,0,1,0,1,1,1,1,0,0,0,0,1,0,1,1,0,0,0,1,1,1
1283,0,0,0,0,1,0,0,0,0,0,0,0,0,0,0,0,0,0,1,0,1500,2002,1,1,0,0,0,1,0,1,1,1,1,1,1,0,0,1,0,0,1,1,1,1,1,1,1,1,1,1,1,1,0,0,1,0,0,1,1,1,0,1,1,1,0,0,0,0,1,0,0,1,0,1,0,0,0,1,1,0,0,0,1,1,1,1,0,0,0,1,1,1,1,0,1,1,0,0,1,0,1,1,1,0,1,1,1,0,0,1,0,0,1,0,1,1,0,0,1,1,1,1
1284,0,0,0,0,0,0,0,0,0,0,0,0,0,0,0,0,0,0,0,1,-1200,-330,1,0,0,0,1,1,0,1,1,1,1,1,1,0,0,1,0,0,1,1,0,1,1,1,1,1,1,1,1,1,1,0,1,1,0,1,0,0,0,0,1,0,1,0,0,0,1,0,0,1,0,1,0,0,1,0,0,0,0,0,1,1,1,0,1,0,1,1,1,0,1,1,1,0,0,1,1,0,1,0,1,1,0,0,0,1,0,0,0,1,1,1,1,1,1,0,1,1,1,1
1288,0,0,0,0,0,0,0,0,0,0,0,0,0,0,0,0,0,1,0,0,1510,1650,0,1,1,1,0,1,1,1,1,0,1,1,1,1,1,1,1,1,1,1,1,1,1,1,1,1,1,1,1,1,1,0,1,0,0,0,1,1,1,1,1,0,1,0,0,1,1,1,0,1,0,1,0,0,1,1,0,0,0,0,0,0,1,1,0,1,0,1,1,1,0,0,0,1,1,0,1,0,1,0,1,0,1,0,0,0,0,0,0,0,1,0,1,1,0,0,1,1,1,1
1289,0,0,0,0,1,0,0,0,0,0,0,0,0,0,0,0,0,0,1,0,1500,2004,1,1,1,1,0,1,0,1,1,0,1,1,1,1,0,1,0,1,1,1,0,1,1,0,1,1,1,1,1,0,0,0,1,0,0,0,1,1,0,1,1,1,0,1,0,0,0,0,0,1,0,1,0,0,0,1,1,0,0,0,0,1,1,1,1,1,0,1,1,1,1,0,1,1,0,0,1,0,1,1,1,0,1,0,1,0,0,1,0,0,1,0,1,1,0,0,1,0,0,0
1293,0,0,0,0,0,0,0,0,0,0,0,0,0,0,1,0,0,0,0,0,-2000,2022,1,1,1,1,1,1,1,1,1,1,1,1,1,1,1,1,0,1,1,1,0,1,1,1,1,1,1,1,1,1,0,0,1,0,0,0,1,1,0,1,1,0,0,0,0,0,1,0,0,1,0,1,0,1,0,1,0,0,0,0,1,1,1,1,0,1,0,1,1,1,1,0,1,1,0,0,0,0,1,1,1,1,1,1,1,0,0,1,1,1,1,0,1,1,0,1,1,1,1,1
1295,0,0,0,0,0,0,0,0,0,0,1,0,0,0,0,0,0,0,0,0,311,600,1,1,1,1,1,1,1,1,0,1,1,0,1,1,1,1,1,0,1,1,0,1,1,1,1,1,1,1,1,1,1,0,1,0,0,0,1,1,1,1,1,0,1,0,0,0,1,0,0,1,0,1,0,1,0,1,1,0,1,0,1,1,1,1,0,1,0,1,1,1,1,0,0,1,0,0,0,0,1,1,1,1,0,0,0,0,0,1,0,0,1,0,1,1,1,0,1,1,1,1
1299,0,0,0,1,0,0,0,0,0,0,0,1,0,0,0,0,0,0,0,0,1940,1965,1,1,1,1,1,0,1,1,0,1,1,0,1,1,0,1,0,0,1,1,1,1,1,1,1,1,1,1,1,1,0,0,1,0,0,0,1,1,0,1,1,0,1,0,1,0,0,0,0,0,0,0,0,1,0,1,0,0,0,0,1,1,1,1,0,1,0,1,1,1,1,0,1,1,0,0,1,0,1,1,0,0,1,1,1,0,0,1,0,0,1,0,1,0,0,0,1,1,1,1
1300,0,0,0,0,0,1,0,0,0,0,0,0,0,0,1,0,0,0,0,0,1990,2022,1,1,1,1,1,1,1,1,0,1,1,1,1,1,1,1,0,1,1,1,0,1,1,1,1,1,1,1,1,1,1,0,1,1,0,1,1,1,0,1,1,0,1,1,0,0,1,0,0,1,0,1,0,0,0,1,0,0,1,0,1,1,1,1,0,1,0,1,1,1,1,0,1,1,1,0,1,0,1,0,1,1,1,1,1,0,0,1,1,0,1,0,1,1,0,0,1,0,1,0
1301,0,0,0,0,0,0,1,0,0,0,0,0,0,0,0,0,1,0,0,0,-200,1000,1,0,0,1,1,1,1,1,1,1,1,1,1,1,0,1,0,0,1,1,0,1,1,1,1,1,1,1,1,1,1,0,1,1,0,0,1,0,0,0,1,1,0,1,1,1,1,0,0,1,0,1,0,0,0,1,0,0,0,0,0,0,0,0,0,0,0,0,0,0,0,0,1,0,0,0,0,0,0,0,1,0,0,0,0,0,0,0,0,1,0,1,0,0,1,0,1,1,1,1
1304,0,0,0,0,0,1,0,0,0,0,0,0,0,0,1,0,0,0,0,0,1875,2022,1,0,1,0,0,0,0,1,0,0,1,0,0,1,0,1,1,0,0,1,1,1,0,1,1,1,1,1,1,1,0,0,1,0,0,0,0,1,0,0,1,0,0,0,0,0,0,0,0,0,0,0,0,0,0,1,0,0,0,0,0,1,1,0,0,0,0,1,1,0,0,0,0,0,0,0,0,0,1,0,0,0,1,1,1,0,0,0,0,0,1,0,1,0,0,0,1,1,1,1
1307,0,0,0,1,0,0,0,0,0,0,0,0,0,0,1,0,0,0,0,0,1845,2022,1,1,1,1,0,0,1,0,0,0,1,0,0,1,1,1,1,0,1,1,0,1,0,1,1,1,1,1,1,1,0,0,1,0,0,0,1,1,1,1,1,0,1,0,0,0,0,0,0,1,0,1,0,1,0,1,0,0,0,0,1,1,1,1,0,1,0,1,1,1,1,0,0,1,1,0,1,0,1,1,0,1,1,1,1,0,0,1,1,0,1,0,1,1,0,0,1,1,1,1
1309,0,0,0,1,0,0,0,0,1,0,1,0,0,0,0,0,0,0,0,0,315,500,0,1,1,1,1,0,1,1,0,0,1,0,1,1,1,1,1,0,1,1,0,1,0,1,1,1,1,1,1,1,0,0,1,1,0,0,1,0,1,1,1,0,1,1,0,0,1,1,0,1,0,1,0,0,0,1,0,0,1,0,1,1,1,0,0,1,0,1,1,1,1,0,0,0,0,0,1,0,1,1,1,0,1,0,1,0,0,0,0,0,1,0,1,1,0,0,1,1,1,0
1311,0,0,0,0,0,0,0,0,0,0,0,0,0,0,1,0,0,0,0,0,1870,2022,1,1,1,1,1,0,1,0,0,0,1,0,0,1,1,1,1,0,1,0,0,1,0,1,1,1,1,1,1,0,0,0,1,0,0,0,1,0,1,1,1,1,1,1,1,0,1,1,0,1,0,1,0,1,0,1,0,0,1,0,1,1,1,1,0,1,0,1,1,1,1,1,0,0,1,0,1,0,1,1,1,0,1,1,1,1,0,1,0,0,1,0,1,1,0,0,1,1,1,0
1312,0,0,0,0,0,0,0,0,0,0,0,0,0,0,0,0,0,1,0,0,1400,2022,1,0,1,1,1,0,1,1,0,0,1,0,1,1,1,1,0,1,0,0,1,1,0,0,1,1,1,0,1,0,0,0,0,0,0,0,0,0,0,0,1,0,0,0,0,0,1,0,0,1,0,1,0,0,0,1,0,0,0,0,1,1,1,1,0,1,0,1,1,1,1,0,1,1,1,0,1,0,1,1,1,0,1,1,1,0,0,1,1,1,1,1,1,1,0,1,1,1,1,1
1319,0,0,0,0,0,0,0,0,0,0,0,0,0,0,1,0,0,0,0,0,1968,2022,1,0,1,1,1,1,1,1,0,0,1,1,1,1,1,1,0,1,0,0,1,1,0,0,1,1,1,0,0,0,0,0,0,0,0,0,0,0,1,0,1,0,1,1,0,0,0,0,0,0,0,1,0,0,0,0,0,0,0,0,0,0,0,0,0,0,0,0,0,0,0,0,1,0,0,0,0,0,0,0,1,0,0,0,0,0,0,0,0,0,1,0,0,0,0,0,0,0,0,0
1321,0,0,0,0,0,0,0,0,0,0,1,0,0,0,0,0,0,0,0,0,1853,2022,1,1,1,1,0,1,1,1,0,0,1,0,1,1,1,1,1,0,1,1,0,1,1,1,1,1,1,1,1,1,0,0,1,0,0,0,1,1,1,1,1,1,1,0,1,0,1,0,0,1,0,1,0,1,0,1,1,0,1,0,1,1,1,1,1,1,0,1,1,1,1,1,1,1,1,0,1,1,1,1,1,0,1,1,1,1,0,1,1,1,0,1,0,1,1,1,1,1,1,0
1322,0,0,0,0,0,0,0,0,0,0,0,0,0,1,0,0,0,0,0,0,361,363,1,0,0,0,0,0,0,1,1,0,1,1,1,0,0,1,0,0,1,1,0,1,0,1,1,1,1,1,1,1,1,0,1,1,0,0,1,1,0,0,1,0,0,0,0,0,0,0,0,0,0,0,0,0,0,0,0,0,0,0,1,1,1,0,0,1,0,1,1,1,1,0,0,1,0,0,0,0,1,1,0,0,0,0,1,0,0,1,0,0,1,0,1,0,0,0,1,1,1,1
1323,0,0,0,0,0,0,0,0,1,0,1,0,0,0,0,0,0,0,0,0,1910,1935,1,0,0,0,0,0,0,1,1,1,1,1,1,0,0,1,0,0,1,1,1,1,1,1,1,1,1,1,1,1,1,0,1,1,0,1,1,1,0,0,1,1,1,0,1,0,1,0,0,1,0,1,0,0,0,1,1,0,1,0,1,1,1,1,0,1,0,1,1,1,1,0,1,1,0,0,1,0,1,0,1,0,1,1,1,0,0,1,0,0,1,1,1,0,0,0,1,1,1,1
1333,0,0,0,0,0,0,0,0,0,0,0,0,0,1,0,0,0,0,0,0,150,600,1,0,1,0,0,1,1,1,1,0,1,1,1,1,1,1,1,1,1,1,0,1,1,1,1,1,1,1,1,1,1,0,1,0,0,0,1,1,1,1,1,0,1,0,0,0,0,0,0,1,0,0,0,1,0,1,0,0,0,0,1,1,1,1,0,1,0,1,1,1,1,0,1,1,0,0,1,0,1,1,1,0,1,1,1,0,0,1,0,0,1,0,1,1,0,0,1,1,1,1
1334,0,0,0,0,0,0,0,0,0,0,0,0,0,0,1,0,0,0,0,0,1980,2022,1,1,1,1,0,0,1,1,0,0,1,0,1,1,0,1,1,0,1,1,0,1,0,1,1,1,1,1,1,1,0,0,1,0,0,0,1,0,1,1,1,0,0,0,0,0,0,0,0,1,0,0,0,1,0,1,0,0,0,0,0,1,0,0,0,1,0,0,1,1,0,0,0,1,1,0,0,0,0,0,0,1,1,1,1,0,0,0,1,1,0,0,0,1,1,1,1,1,1,0
1335,0,0,0,0,0,0,0,0,0,0,0,0,0,1,0,0,0,0,0,0,1575,1700,1,1,1,1,0,1,1,1,0,0,1,1,1,1,1,1,1,0,1,1,0,1,1,1,1,1,1,1,1,1,0,0,1,0,0,0,1,1,1,1,1,1,1,0,0,0,1,0,0,1,0,1,0,0,0,1,1,1,0,0,0,0,0,0,0,1,0,0,1,1,0,0,0,0,1,0,0,0,0,0,0,0,0,0,1,0,0,1,0,0,1,0,1,0,0,0,1,0,0,0
1337,0,0,0,0,0,0,0,0,0,0,0,0,0,0,0,0,0,0,0,1,-1200,-600,1,0,1,1,1,1,1,1,1,1,1,1,1,1,1,1,0,1,1,1,0,1,1,1,1,1,1,1,0,0,1,0,1,0,0,0,1,1,0,0,1,1,1,0,0,0,1,0,0,1,0,1,0,0,0,0,0,0,1,0,0,0,1,1,1,1,0,1,1,0,1,1,1,1,0,0,0,0,1,0,1,0,0,0,0,1,0,0,0,0,0,0,1,1,1,0,0,1,1,1
1340,0,0,0,0,0,0,0,0,0,0,0,0,0,1,0,0,0,0,0,0,1957,2023,1,1,1,1,0,0,1,1,1,0,1,0,1,1,0,1,1,1,1,0,1,1,1,0,1,1,1,0,1,0,1,0,0,0,0,0,0,1,0,1,1,1,1,1,1,0,0,1,0,1,1,0,0,1,0,1,1,1,1,0,0,0,0,0,0,0,0,0,0,0,0,0,1,0,0,0,0,0,0,0,0,0,0,0,0,0,0,0,0,0,0,0,0,0,0,0,1,0,0,0
1341,0,0,0,0,1,0,0,0,0,0,0,0,0,0,1,0,0,0,0,0,1960,2022,1,0,1,1,0,0,1,0,0,0,1,0,0,1,0,1,1,0,1,1,0,1,1,1,1,1,1,1,1,1,0,0,1,0,0,0,1,0,1,1,1,0,0,0,1,0,1,0,0,1,0,1,0,1,0,1,1,0,0,0,1,1,1,1,0,0,0,1,1,1,1,0,1,0,1,0,1,0,1,1,1,1,1,1,1,0,0,1,1,0,1,0,1,0,0,0,1,1,1,1
1344,0,1,0,0,0,0,0,0,0,0,0,0,1,0,0,0,0,0,0,0,1840,1920,1,0,1,1,0,1,1,1,1,0,1,1,1,1,0,1,1,1,1,1,1,1,1,1,1,1,1,1,0,1,1,0,1,0,0,0,1,1,1,1,1,0,1,0,0,0,0,0,0,0,0,0,0,1,0,1,0,0,0,0,1,1,1,1,0,1,1,1,1,0,1,0,1,1,1,0,1,0,1,1,1,1,1,1,1,0,0,1,1,1,1,0,1,1,1,0,0,1,1,1
1348,0,0,0,1,0,0,0,0,0,1,0,0,0,0,0,0,0,0,0,1,2012,2022,1,0,1,1,1,0,0,1,0,0,1,0,1,1,1,1,1,0,1,0,0,1,0,1,1,1,0,0,1,1,0,0,1,0,0,0,1,0,1,1,1,0,1,0,0,0,0,0,0,1,0,0,0,0,0,1,0,0,0,0,0,0,0,1,0,1,0,1,1,1,1,0,1,0,0,0,1,0,1,0,1,0,1,0,0,0,0,0,0,0,1,0,1,0,0,0,1,1,1,1
1349,1,0,0,0,0,0,0,0,0,0,0,1,0,0,0,0,0,0,0,0,1124,1991,1,0,1,1,1,1,1,1,1,1,1,1,1,1,1,1,0,1,1,1,1,1,1,1,1,1,1,0,1,1,0,0,1,0,0,0,1,1,1,0,1,0,0,0,0,0,0,0,0,1,0,1,0,0,0,1,1,0,0,0,1,1,1,1,0,1,0,1,1,1,1,0,0,1,0,0,0,0,1,1,1,0,1,1,1,0,0,1,0,0,1,0,1,1,0,0,1,1,1,1
1352,0,0,0,0,0,0,0,0,0,0,0,0,0,0,0,0,0,1,0,0,2,21,1,0,1,1,1,1,0,1,1,0,1,0,1,1,0,0,0,1,0,1,1,0,1,1,1,0,0,0,1,1,0,0,1,1,0,0,0,1,0,0,0,0,0,0,0,0,1,1,0,1,0,1,0,0,0,0,1,0,0,0,1,1,1,1,0,1,0,1,1,1,1,0,0,0,0,0,1,0,1,1,0,0,1,1,1,0,0,1,0,0,1,0,1,1,0,0,1,1,1,1
1357,0,0,0,0,0,0,0,0,0,0,0,0,0,0,0,0,0,0,0,1,100,400,1,0,1,1,1,0,1,0,0,0,1,0,0,1,1,1,1,0,1,1,0,1,0,1,1,1,1,1,1,1,0,0,1,1,0,0,1,0,1,0,1,0,1,0,1,0,0,1,0,0,0,0,1,1,0,1,1,0,1,0,1,1,0,0,0,1,0,1,1,1,1,0,0,1,0,0,0,0,1,1,0,0,0,0,0,0,0,1,0,0,1,0,1,0,0,0,1,1,1,1
1369,0,0,0,0,0,0,0,0,0,0,0,0,0,0,0,0,0,0,0,1,-750,80,1,0,1,1,0,1,1,0,0,0,1,1,1,1,1,0,0,1,1,0,0,0,0,0,1,0,0,0,1,0,0,0,0,0,0,0,1,0,0,0,0,0,0,0,0,0,0,0,0,1,0,1,0,0,0,0,0,0,0,0,0,1,0,0,0,0,0,0,1,0,0,0,0,0,1,0,1,0,0,0,1,0,0,0,0,0,1,0,0,0,1,0,1,1,1,0,1,0,0,0
1370,0,0,0,0,1,0,0,0,0,0,1,0,0,0,0,0,0,0,0,0,1935,1960,1,1,1,1,1,0,1,0,1,1,1,0,1,1,0,1,1,0,1,1,0,1,1,1,1,1,1,1,1,1,0,0,1,0,0,0,1,1,1,1,1,1,1,0,1,0,1,0,0,1,0,1,0,1,0,1,1,0,1,0,1,1,1,1,1,1,0,1,1,1,1,1,1,1,1,0,1,0,1,1,1,1,1,1,1,1,0,1,1,1,1,1,1,1,1,1,1,1,1,1
1371,0,0,0,0,1,0,0,0,0,1,0,0,0,0,0,0,0,0,0,1,1979,2022,0,1,1,1,0,1,1,0,1,0,1,1,1,1,1,1,1,0,1,0,0,1,1,1,1,1,1,1,1,1,0,0,1,0,0,0,1,1,1,1,1,1,1,0,1,0,0,0,0,1,0,0,0,1,0,1,1,0,1,1,1,1,1,1,0,1,0,1,1,1,1,0,0,1,1,0,1,0,1,1,0,0,1,1,1,0,0,1,1,0,1,0,1,0,1,0,1,1,1,1
1374,0,0,0,1,0,0,0,0,0,1,0,0,0,1,0,0,0,0,0,0,1560,1620,0,1,1,1,1,1,1,1,1,1,1,1,1,1,1,1,1,0,1,1,0,1,0,1,1,1,1,1,1,1,0,0,1,1,0,0,1,1,1,1,1,1,1,0,0,0,0,1,0,1,0,1,0,1,0,1,1,0,1,0,1,1,1,0,0,1,0,1,1,1,1,0,1,1,1,0,0,0,1,1,1,1,0,0,1,0,0,1,1,1,1,0,1,1,1,1,1,1,1,1
1376,0,0,0,1,0,0,0,0,1,0,1,0,0,0,0,0,0,0,0,0,1900,2022,1,0,1,1,0,1,0,0,0,0,1,0,1,1,1,1,1,0,1,1,0,1,0,1,1,1,1,1,1,1,0,0,1,0,0,0,1,1,1,0,1,1,0,0,1,0,0,0,0,1,0,1,0,0,0,1,1,0,1,0,0,1,1,1,0,0,0,1,1,0,0,0,0,1,0,0,0,0,1,0,1,0,1,1,0,0,0,0,0,0,1,0,1,1,0,0,1,1,1,1
1386,1,0,0,0,0,0,0,0,0,0,0,0,1,0,0,0,0,0,0,0,1807,1950,1,0,1,1,0,1,1,1,0,0,1,1,1,1,1,1,1,1,1,1,1,1,0,1,1,1,1,1,0,1,0,0,1,0,0,1,0,1,0,0,1,0,1,0,0,0,1,0,0,1,0,1,0,1,0,1,0,0,0,0,1,1,1,1,0,1,0,1,1,0,1,0,0,1,1,0,1,0,1,1,1,1,1,1,1,0,0,1,1,0,1,0,1,0,0,1,0,1,1,1
1390,0,0,0,0,0,1,0,0,0,0,0,0,0,0,1,0,0,0,0,0,1855,1880,1,0,0,0,0,0,0,1,1,1,1,1,1,0,0,1,0,0,0,1,1,1,1,1,1,1,1,1,1,1,1,0,1,1,0,1,0,1,0,0,1,1,1,1,1,1,1,0,0,1,0,1,0,0,1,1,1,0,1,0,1,0,1,1,0,1,0,1,1,0,1,0,1,1,0,0,1,0,1,1,1,0,1,0,1,0,0,1,0,0,1,0,0,0,0,0,1,1,1,1
1392,0,0,0,1,0,0,0,0,0,0,0,0,0,0,0,0,0,0,0,1,360,900,0,1,1,0,0,0,0,0,0,0,0,0,0,1,0,1,0,0,0,0,0,1,0,0,1,1,1,0,1,0,0,0,0,0,1,0,0,0,0,0,1,0,0,0,0,0,0,0,0,0,0,0,0,0,0,1,0,0,0,0,0,0,0,0,0,0,0,0,0,0,0,0,1,0,0,0,0,0,0,0,0,0,0,0,0,0,0,0,0,0,0,0,0,0,0,0,1,0,0,0
1396,0,0,0,0,0,0,0,0,1,0,1,0,0,0,0,0,0,0,0,0,-304,-30,1,0,1,1,1,1,0,1,1,0,1,1,1,1,0,1,0,1,1,0,0,1,1,0,1,1,1,1,1,0,1,1,0,1,0,0,1,1,1,0,1,0,0,0,1,0,1,1,0,0,0,1,0,1,0,1,1,0,0,0,1,0,1,1,1,1,1,1,1,0,1,1,0,1,1,0,0,0,1,1,1,1,0,0,0,0,1,1,0,1,1,1,1,1,0,0,1,1,0,0
1397,0,0,0,0,0,0,0,0,0,0,0,0,0,0,1,0,0,0,0,0,400,1000,1,0,1,1,1,1,1,1,1,1,1,1,1,1,0,1,0,1,1,1,0,1,1,1,1,1,1,1,0,1,1,0,1,0,0,0,1,1,0,0,1,0,0,0,0,0,1,0,0,1,0,1,0,0,0,0,0,0,0,0,0,0,0,0,0,0,0,0,1,0,0,0,0,0,0,0,0,0,0,0,1,0,0,0,0,0,0,0,0,0,0,0,0,1,1,0,0,1,1,1
1400,1,0,0,0,0,0,0,0,0,0,0,0,1,0,0,0,0,0,0,0,300,516,1,0,1,1,1,1,1,1,1,1,1,1,1,1,1,1,1,1,1,1,1,0,1,0,1,1,0,0,1,0,1,0,0,0,0,0,0,1,0,0,1,1,1,0,1,0,0,0,0,0,0,0,0,0,0,1,0,1,0,0,1,1,1,0,1,1,0,1,1,1,0,0,0,0,1,0,1,0,0,1,0,1,1,1,1,1,0,1,1,0,0,0,0,1,0,1,1,0,0,0
1409,0,0,0,0,0,0,0,0,0,0,0,0,0,0,1,0,0,0,0,0,-1500,-400,1,0,0,0,0,1,0,1,1,1,1,1,1,0,0,1,0,0,1,1,0,1,1,1,1,1,1,1,1,1,1,0,1,1,0,1,1,1,0,0,1,1,0,0,1,1,1,0,0,1,0,1,0,0,1,1,1,0,1,1,1,1,1,0,0,0,0,0,1,1,1,0,1,0,1,0,0,0,0,0,1,0,0,0,0,1,1,1,0,0,0,1,0,1,0,0,1,1,1,1
1412,0,0,0,0,0,0,0,0,0,0,0,1,0,0,0,0,0,0,0,0,1838,2022,1,1,1,1,1,0,1,1,0,0,1,0,1,1,1,1,1,1,1,0,1,1,0,1,1,0,1,0,1,1,1,0,0,0,0,0,1,1,0,0,1,0,1,0,0,0,1,0,0,1,0,1,0,0,0,1,0,0,0,0,1,1,0,1,0,1,0,1,1,1,1,0,0,1,1,0,0,0,1,0,1,1,1,1,0,0,0,0,1,0,1,0,1,1,1,1,1,0,1,0
1415,0,0,0,1,0,0,0,0,0,0,0,0,0,1,0,0,0,0,0,0,350,398,1,0,1,1,1,1,1,0,1,1,1,0,1,1,0,1,1,0,1,0,0,1,0,0,1,1,1,0,1,0,0,0,0,0,0,0,1,0,1,0,0,0,0,0,0,0,0,1,0,1,0,1,0,0,0,1,1,0,0,0,1,1,1,0,0,0,0,1,1,1,0,0,0,0,0,0,0,0,1,1,1,1,1,1,1,0,0,0,1,0,1,0,1,1,0,1,1,0,0,0
1419,0,0,0,0,0,0,0,0,1,0,1,0,0,0,0,0,0,0,0,0,-1550,-1425,1,0,1,1,0,1,0,1,1,1,1,1,1,1,0,1,0,1,1,1,0,1,1,1,1,1,1,1,1,1,1,0,1,1,1,0,1,1,0,0,1,1,1,0,1,0,0,0,0,1,0,0,0,0,0,1,0,0,1,0,0,0,1,0,0,1,1,1,1,1,0,0,1,1,0,0,1,0,1,0,1,0,0,0,0,0,1,0,0,1,0,1,0,1,0,0,1,1,1,1
1420,0,0,0,0,0,1,0,0,0,0,0,0,0,0,1,0,0,0,0,0,1785,1810,1,1,0,0,1,1,1,1,1,1,1,1,1,0,1,1,0,0,1,1,0,1,1,1,1,1,1,1,1,1,1,0,1,1,0,0,1,1,0,1,1,1,1,1,1,1,1,0,0,1,0,1,0,1,0,1,1,0,1,0,1,1,1,1,1,1,0,1,1,1,1,1,1,1,1,1,1,1,1,1,1,1,1,1,1,1,0,1,1,1,1,1,1,1,1,1,1,1,1,1
1426,0,0,0,0,0,0,0,0,0,0,0,0,1,0,0,0,0,0,0,0,1580,1740,1,1,1,1,1,1,1,1,1,1,1,1,1,1,1,1,1,0,1,1,0,1,1,1,1,1,1,1,1,1,1,0,1,0,0,0,1,1,1,1,1,0,1,1,0,0,1,1,0,1,0,1,1,1,0,1,1,1,1,0,1,0,1,1,1,1,0,1,1,1,1,1,1,1,1,0,1,0,1,1,1,1,1,1,1,1,0,1,1,1,1,1,1,1,1,1,1,1,1,1
1433,0,0,0,1,0,0,0,0,0,0,0,0,0,1,0,0,0,0,0,0,250,258,1,0,0,0,0,0,0,0,0,0,1,0,0,0,1,1,1,0,1,0,0,0,0,0,0,1,0,0,0,0,0,0,0,0,0,0,1,0,1,1,1,0,0,0,1,0,0,1,0,1,0,0,0,1,0,1,1,0,0,0,0,1,0,0,0,0,0,1,1,1,0,0,0,0,0,0,0,0,1,1,0,0,0,0,0,1,0,0,0,0,1,0,1,0,0,0,0,0,0,0
1434,0,0,0,0,0,0,1,0,0,0,0,0,0,0,0,0,1,0,0,0,1912,1937,1,0,0,0,1,1,1,1,1,1,1,1,1,0,0,1,1,0,1,1,0,1,1,1,1,1,1,1,1,1,0,1,1,0,0,0,1,1,1,0,1,1,1,0,1,0,1,0,0,0,0,1,0,1,0,1,1,0,0,1,1,1,1,1,0,1,0,1,1,1,1,0,1,0,1,0,1,1,1,0,1,1,1,1,1,0,0,1,1,0,1,0,1,1,1,0,1,1,1,1
1436,0,0,0,1,0,0,0,0,0,0,0,0,0,0,0,0,0,0,0,1,320,536,1,0,1,0,1,0,1,1,1,0,1,0,1,1,1,1,1,0,1,0,0,1,0,0,1,1,1,0,1,0,0,0,0,0,0,0,1,0,0,0,1,0,0,0,1,0,1,0,0,0,0,1,0,0,0,1,1,1,1,0,1,1,1,0,0,0,0,1,1,1,1,0,1,0,1,0,0,0,1,0,0,0,1,1,1,0,0,0,1,0,1,0,1,1,0,1,1,0,0,0
1441,0,0,0,0,0,0,0,0,0,0,0,0,0,0,1,0,0,0,0,0,1325,1521,1,0,1,1,1,1,1,1,1,1,1,1,1,1,1,1,0,1,1,1,1,1,1,1,1,1,1,1,1,1,1,0,1,0,0,1,0,1,0,1,1,1,1,1,1,1,1,1,0,1,1,1,0,1,1,1,1,0,1,1,0,0,0,0,1,0,0,0,1,0,0,1,1,0,1,1,0,0,0,1,1,1,0,0,0,1,1,0,0,1,0,1,0,1,1,0,1,1,1,1
1454,0,0,0,1,0,0,0,0,0,0,0,0,0,1,0,0,0,0,0,0,1337,1351,0,1,0,0,0,0,0,1,1,0,0,0,0,0,1,0,1,0,1,0,0,0,0,1,1,1,0,0,1,1,0,0,0,1,0,0,1,0,0,0,0,0,0,0,0,0,0,0,0,1,0,1,0,0,0,0,0,1,1,0,1,1,1,1,1,1,0,1,1,1,1,1,0,1,1,0,1,0,1,1,1,0,1,1,1,1,0,1,1,0,1,0,1,1,0,0,1,1,1,1
1466,0,0,0,0,1,0,0,0,0,0,1,0,0,0,0,0,0,0,0,0,1800,1980,1,1,1,1,1,1,1,0,0,0,1,1,1,1,1,1,1,0,1,1,0,1,1,1,1,1,1,1,1,1,0,0,1,0,0,0,1,0,1,1,1,1,1,0,1,0,1,0,0,1,0,1,0,0,0,1,1,0,0,0,1,1,1,1,0,1,0,1,1,1,1,0,0,1,1,0,1,0,1,1,1,0,1,1,1,0,0,1,0,0,1,0,1,0,0,0,1,1,1,1
1468,0,0,0,1,0,0,0,0,0,0,0,0,0,1,0,0,0,0,0,0,325,451,1,1,1,0,1,0,1,1,1,1,1,0,1,1,0,1,1,0,1,0,0,1,0,0,1,1,1,0,1,0,0,0,0,0,0,0,1,0,0,0,0,0,0,0,0,0,1,0,0,1,0,1,0,1,0,1,1,0,0,0,1,1,1,1,1,1,0,1,1,1,1,1,1,1,1,0,1,0,1,1,1,1,1,1,1,1,0,1,1,0,1,0,1,1,1,1,1,0,0,0
1469,0,0,0,0,0,0,1,0,0,0,0,0,0,0,0,0,1,0,0,0,300,1532,1,0,0,0,0,1,1,1,1,1,1,1,1,0,0,1,0,0,1,1,0,1,1,1,1,1,1,1,1,1,1,0,1,1,0,1,1,1,0,0,1,0,0,0,0,0,1,0,0,1,0,1,0,1,0,1,1,0,0,0,1,1,1,0,0,0,0,1,1,0,1,0,1,1,1,0,1,0,1,1,1,1,0,1,1,0,0,1,1,1,0,0,0,1,1,0,1,1,1,1
1495,0,1,0,0,0,0,0,0,0,0,0,0,0,1,0,0,0,0,0,0,1997,2022,1,0,1,0,0,0,0,0,0,0,1,0,0,1,0,1,1,0,0,0,0,0,0,0,0,0,0,0,0,0,0,0,0,0,0,0,0,0,0,0,0,0,0,0,0,0,0,0,0,1,0,0,0,0,0,1,0,0,0,0,1,1,1,1,0,1,0,1,1,1,1,0,0,1,0,0,1,0,1,0,0,0,1,1,1,0,0,1,0,0,1,0,1,0,0,0,0,0,0,0
1511,0,0,1,0,1,0,0,0,0,1,1,0,0,0,0,0,0,0,0,0,1804,1903,1,1,1,1,1,1,0,0,1,1,1,1,0,1,1,1,1,0,1,0,0,1,1,1,1,1,1,1,1,1,0,0,1,0,0,0,1,0,1,1,1,1,1,1,0,0,1,0,0,1,0,1,0,0,0,1,1,0,1,0,0,1,0,0,1,0,1,0,1,1,0,1,1,0,0,1,1,1,0,0,1,1,1,0,1,1,0,0,1,1,1,1,1,1,1,0,1,0,0,0
1517,0,0,0,0,1,0,0,0,0,0,1,0,0,0,0,0,0,0,0,0,1936,1962,0,1,0,0,0,0,1,0,0,0,1,0,0,0,1,1,1,0,1,0,0,1,0,1,1,1,1,1,1,1,0,0,1,1,0,0,1,0,1,1,1,0,0,0,0,0,0,0,0,1,0,0,0,0,0,1,0,0,0,0,0,1,0,0,0,1,0,1,1,1,1,0,0,0,0,0,0,0,1,0,0,0,1,0,0,0,0,0,1,0,1,0,1,0,0,0,1,1,1,0
1521,0,0,0,0,0,0,0,0,0,0,0,0,0,1,0,0,0,0,0,0,1256,1400,1,0,1,1,0,1,1,1,1,0,1,1,1,1,1,1,1,0,1,0,0,1,1,1,1,1,1,1,1,1,0,0,1,0,0,0,1,0,1,0,1,1,0,0,1,0,1,0,0,1,0,1,0,0,0,1,1,0,1,0,0,1,1,0,0,0,0,1,1,0,1,0,0,0,1,0,0,0,1,0,1,0,1,1,0,0,0,0,1,0,1,0,1,1,0,0,1,1,1,1
1522,0,0,1,0,1,0,0,0,0,0,1,0,0,0,0,0,0,0,0,0,1781,2022,1,1,1,1,1,1,1,0,1,1,1,1,1,1,1,1,1,0,1,1,0,1,0,1,1,1,1,1,1,1,0,0,1,0,0,0,1,1,1,0,1,0,0,0,0,0,0,0,0,1,0,1,0,0,0,1,1,0,0,0,1,0,1,1,0,1,0,1,1,1,1,0,0,1,1,0,0,0,0,1,0,1,1,1,1,0,0,1,1,0,1,0,0,0,0,1,1,1,1,1
1529,0,0,0,1,0,0,0,0,0,0,0,0,0,1,0,0,0,0,0,0,720,743,1,1,1,1,1,1,1,1,1,1,1,1,1,1,1,1,1,0,1,1,0,1,0,1,1,1,1,1,1,1,0,0,1,0,0,0,1,0,1,0,1,0,1,0,0,0,1,0,0,1,0,1,0,1,0,1,1,0,0,0,0,1,0,0,1,0,1,0,1,0,0,1,1,0,1,1,0,1,0,0,1,1,0,0,0,1,0,0,1,1,0,1,0,1,1,1,1,1,1,1
1535,0,0,0,0,1,0,0,0,0,0,1,0,0,0,0,0,0,0,0,0,1921,1956,1,1,1,0,1,0,1,0,1,1,1,0,1,1,1,1,1,0,1,1,0,1,0,1,1,1,1,0,1,1,0,0,1,1,0,0,1,0,0,0,1,0,0,0,0,0,1,0,0,1,0,1,0,1,0,1,0,0,0,0,1,1,0,1,1,1,0,1,1,1,1,1,1,1,1,0,0,0,1,1,1,1,0,1,1,1,1,1,1,1,1,0,0,1,1,0,1,1,1,1
1542,0,0,0,0,0,0,0,0,0,0,0,0,0,0,0,0,1,0,0,0,1913,2022,1,0,1,1,1,1,1,1,1,1,1,1,1,1,1,1,1,1,1,1,1,1,1,1,1,1,1,1,1,1,1,0,1,0,0,0,1,1,0,1,1,0,1,0,0,0,1,0,0,1,0,1,0,1,0,1,0,0,0,0,0,1,0,1,0,0,0,1,1,1,1,1,1,1,0,0,1,0,1,1,1,1,1,1,1,0,1,0,1,1,1,0,1,1,1,1,1,1,1,1
1544,0,0,0,1,0,0,0,0,0,0,0,0,0,1,0,0,0,0,0,0,1596,2022,1,1,1,1,1,1,1,1,1,1,1,1,1,1,1,1,1,0,1,0,0,0,1,1,1,1,0,0,1,1,0,0,1,1,0,0,1,0,1,1,1,0,1,0,1,0,0,0,0,1,0,1,0,1,0,1,1,0,0,0,1,1,1,1,1,1,0,1,1,1,1,0,1,1,1,0,1,0,1,1,1,1,1,1,1,0,0,1,1,0,1,0,1,1,1,1,1,1,1,1
1555,0,0,1,0,1,0,0,0,0,0,0,0,0,0,0,0,0,0,0,1,1970,2022,1,1,1,1,1,0,1,0,1,1,1,0,0,1,1,1,1,0,1,0,0,1,1,1,1,1,1,0,1,1,0,0,0,0,0,0,1,1,1,1,1,1,0,0,0,0,1,0,0,1,0,1,0,1,0,1,1,0,0,0,1,1,1,1,1,1,0,1,1,1,1,1,0,1,1,1,1,1,1,1,1,1,1,1,1,0,0,1,1,1,1,1,1,1,0,1,1,1,1,1
1556,0,0,0,0,0,0,0,0,0,0,0,0,0,1,0,0,0,0,0,0,75,450,1,0,0,0,1,0,1,1,1,1,1,0,1,0,1,1,1,0,0,1,0,1,0,1,1,1,1,1,0,1,0,0,1,0,0,0,0,0,1,0,1,0,0,1,0,0,1,0,0,1,0,1,0,0,0,1,0,0,1,0,1,1,0,0,0,0,0,0,0,0,1,0,1,0,0,0,0,0,0,0,1,0,0,0,0,0,0,0,0,0,1,0,1,0,0,0,0,1,1,1
1570,0,0,0,0,1,0,0,0,0,0,0,0,0,0,0,0,0,1,0,0,1900,2024,1,1,1,1,0,1,0,0,0,0,1,1,1,1,1,1,1,1,1,1,0,1,1,1,1,1,1,1,1,1,0,0,1,0,0,0,1,1,1,1,1,1,1,0,1,0,1,0,0,1,1,1,0,0,0,1,1,0,0,0,1,1,1,1,1,1,1,1,1,1,1,0,1,1,1,0,1,0,1,1,1,0,1,1,1,0,1,1,0,0,1,0,1,1,0,0,1,1,1,0
1574,0,0,0,0,0,0,0,0,0,0,0,0,0,0,0,0,0,0,0,1,-2000,-1800,0,0,0,0,0,0,0,0,0,0,0,0,0,0,0,0,0,0,1,1,0,1,0,1,1,1,1,1,1,1,1,0,1,1,0,0,1,0,0,0,0,0,0,0,0,0,1,0,0,1,0,0,0,0,0,1,0,0,0,0,0,0,1,1,0,1,0,1,1,1,1,0,1,1,0,0,1,0,1,1,0,0,0,0,0,0,0,1,0,0,1,0,1,0,0,0,1,1,1,1
1582,0,0,0,0,0,0,0,0,0,0,0,0,0,1,0,0,0,0,0,0,-300,500,1,0,1,1,0,1,0,1,1,1,1,1,1,1,0,1,0,1,1,1,0,1,0,1,1,1,1,1,1,1,1,0,1,1,0,0,1,0,0,0,1,0,0,0,0,0,1,1,0,1,0,1,0,1,0,1,0,0,0,0,1,1,1,0,0,1,0,1,1,1,1,0,1,1,0,0,1,0,1,1,1,1,1,0,1,0,0,1,0,1,1,0,1,1,0,0,1,1,1,1
1607,0,0,0,0,1,0,0,0,0,0,0,0,0,0,0,0,0,0,0,1,897,1700,1,1,1,1,1,1,1,1,1,1,1,1,1,1,1,1,1,0,1,1,0,1,1,1,1,1,1,1,1,1,0,0,1,0,0,0,1,0,1,0,1,1,1,1,1,0,1,0,0,1,0,1,0,1,0,1,1,0,0,0,0,0,0,0,1,0,1,0,1,0,1,1,1,0,1,1,0,1,0,0,1,1,0,0,0,1,0,0,1,1,0,1,0,1,1,1,1,1,1,1
1619,0,0,0,0,0,0,0,0,0,0,0,0,0,1,0,0,0,0,0,0,1200,2023,1,0,1,1,1,1,1,1,1,1,1,1,1,1,1,1,0,0,0,1,0,1,0,0,1,1,1,1,1,0,0,0,0,0,0,0,0,0,1,0,1,0,0,0,0,0,0,0,0,0,0,1,0,0,0,1,0,0,0,0,0,1,0,0,0,0,0,0,1,0,1,0,0,0,0,0,0,0,0,0,0,1,0,1,1,0,0,0,1,0,0,0,0,1,0,1,1,0,0,0
1621,0,0,0,0,0,0,0,0,0,0,0,0,0,1,0,0,0,0,0,0,1700,2023,1,0,1,1,1,1,1,0,1,1,1,1,1,1,1,1,1,0,0,0,0,1,0,0,0,1,1,1,0,0,0,0,0,0,0,0,0,0,1,0,1,0,0,0,0,0,0,0,0,1,0,1,0,0,0,1,0,0,0,0,0,0,0,1,0,0,0,1,1,1,1,0,0,1,0,0,0,0,1,1,1,1,1,1,1,0,0,0,1,0,1,0,1,0,0,1,0,1,1,1
1624,0,0,0,0,0,0,0,0,0,0,0,0,0,0,0,0,0,0,0,1,-900,-612,1,0,1,1,1,1,0,1,1,1,1,1,1,1,1,1,0,1,1,1,0,1,0,1,1,1,1,1,1,1,1,0,1,1,0,0,1,1,0,0,1,0,0,1,1,1,1,0,0,1,0,1,0,0,0,1,1,0,1,0,1,1,1,1,0,1,0,1,1,1,1,0,1,1,1,0,1,0,1,1,1,0,0,0,1,0,0,1,0,0,1,0,1,0,0,0,1,1,1,1
1626,0,0,0,0,0,0,0,0,0,0,0,0,0,1,0,0,0,0,0,0,-800,-400,1,0,0,0,0,1,0,1,1,1,1,1,1,0,0,1,0,0,1,1,0,1,1,1,1,1,1,1,0,1,1,0,1,0,0,1,1,0,0,0,1,0,0,0,0,0,1,0,0,1,0,1,0,0,0,0,0,0,1,0,0,0,0,0,0,0,0,0,1,0,0,0,0,0,1,0,0,0,0,0,1,0,0,0,0,0,0,0,0,0,1,0,1,0,0,0,0,1,1,1
1627,1,1,0,0,0,0,0,0,0,0,0,0,0,0,1,0,0,0,0,0,1978,2023,1,0,1,1,0,1,0,1,1,0,1,1,1,1,0,1,0,1,0,1,1,1,1,0,1,1,1,1,0,0,0,0,1,0,0,0,0,1,0,0,1,0,0,0,0,0,0,0,0,0,0,0,0,1,0,1,0,0,0,0,1,1,1,1,0,1,0,1,1,1,1,0,1,1,0,0,1,0,1,1,1,0,1,1,1,0,0,1,0,0,1,0,1,0,0,0,0,0,1,0
1636,0,0,0,1,0,0,0,0,0,0,0,0,0,1,0,0,0,0,0,0,814,823,0,0,0,0,0,0,0,0,1,0,0,0,0,0,0,1,1,0,0,0,0,0,0,0,0,1,0,0,0,0,0,0,0,0,0,0,0,0,0,0,0,0,0,0,1,0,0,0,0,0,0,1,0,1,0,1,1,0,0,0,1,1,1,1,1,1,0,1,1,1,1,0,1,1,1,0,1,0,1,1,0,1,1,1,1,1,0,1,1,0,1,0,1,1,0,1,0,0,0,0
1653,0,0,0,0,0,0,0,0,0,1,0,0,0,1,0,0,0,0,0,0,341,589,1,1,1,1,1,1,1,1,1,1,1,0,1,1,1,1,1,0,1,1,0,1,1,1,1,1,1,1,1,1,1,0,1,1,0,0,1,1,1,0,1,0,0,0,0,0,1,0,0,1,0,1,0,0,0,0,0,0,0,0,1,1,1,1,0,1,0,1,1,1,1,1,1,1,0,0,1,0,1,1,1,0,0,0,1,1,1,1,0,0,1,0,1,1,1,0,1,0,0,0
1654,0,0,1,0,1,0,0,0,0,0,1,0,0,0,0,0,0,0,0,0,1981,2023,1,1,0,0,1,0,1,0,1,1,1,0,0,0,1,1,1,0,1,0,0,1,1,1,1,1,1,1,1,1,0,1,0,1,0,0,1,0,0,1,1,0,0,0,1,0,0,1,0,1,0,0,0,0,0,1,0,0,1,0,1,1,1,0,0,1,0,1,1,1,1,0,0,1,1,0,1,0,0,1,0,0,1,1,1,0,0,1,0,1,1,0,0,1,1,0,1,1,1,1
1667,0,0,0,0,1,0,0,0,0,0,1,0,0,0,0,0,0,0,0,0,1850,1951,1,1,1,0,0,0,1,0,1,0,1,0,0,1,1,1,0,0,1,0,0,1,1,1,1,1,1,1,1,1,0,0,1,0,0,0,1,0,0,0,1,0,0,0,0,0,0,0,0,1,0,0,0,0,0,1,0,0,0,0,0,1,1,1,0,1,0,1,1,1,1,1,0,1,0,0,0,0,1,0,0,0,0,0,0,0,0,0,0,0,0,0,0,1,0,0,1,1,1,1
1677,0,0,0,0,0,0,0,0,0,0,0,0,0,0,0,0,0,0,0,1,-1650,-1180,1,0,0,0,1,1,0,1,1,1,1,1,1,0,0,1,0,0,1,1,0,1,1,1,1,1,1,1,1,1,1,0,1,1,0,1,0,1,0,0,1,0,0,0,0,0,1,0,0,1,0,1,0,0,0,0,0,0,0,0,1,1,1,0,0,1,0,1,1,1,1,0,1,0,0,0,1,0,1,1,0,0,1,1,1,0,0,1,0,0,1,0,1,1,0,0,1,1,1,1
1688,0,0,0,0,0,0,0,0,0,1,0,0,0,1,0,0,0,0,0,0,325,671,1,0,1,1,1,0,1,0,1,1,1,0,1,1,0,1,1,0,1,0,0,1,1,1,1,1,1,0,1,1,0,0,1,0,0,0,1,0,1,0,1,0,0,0,0,0,0,0,0,1,0,1,0,0,0,0,0,0,0,0,1,1,1,1,0,1,0,1,1,1,1,0,0,1,0,0,1,0,1,1,1,0,1,1,1,0,0,1,0,0,1,0,1,0,0,0,1,1,1,1
1689,0,0,0,0,1,0,0,0,0,1,0,0,0,0,0,0,0,0,0,1,1516,1919,1,1,1,1,0,1,1,0,0,0,1,1,1,1,1,1,0,0,1,1,0,1,1,1,1,1,1,1,1,1,0,0,1,0,0,0,1,1,1,1,1,1,1,0,1,0,1,0,0,1,0,1,0,0,0,1,1,0,1,0,1,1,1,1,1,1,0,1,1,1,1,1,1,1,1,0,1,0,1,1,1,0,1,0,1,1,0,1,0,1,1,1,1,0,1,0,1,1,1,1
1690,0,0,0,0,0,0,0,0,0,0,0,0,0,1,0,0,0,0,0,0,843,1054,1,0,1,1,1,1,1,1,1,1,1,1,1,1,1,1,1,0,1,0,0,0,0,0,1,1,0,0,1,0,0,0,1,1,0,0,1,0,0,0,1,0,0,0,0,0,1,0,0,1,0,1,0,1,0,1,1,0,0,0,1,1,1,1,0,1,0,1,1,1,1,1,1,1,1,0,1,0,1,1,1,1,1,1,1,1,0,1,1,0,1,0,1,1,0,1,1,0,0,0
1694,0,0,0,1,0,0,0,0,0,0,0,0,0,1,0,0,0,0,0,0,1054,1204,1,0,1,1,1,1,1,1,1,0,1,1,1,1,1,1,1,0,1,0,0,1,0,0,1,1,1,0,1,0,0,0,0,1,0,0,1,0,0,0,1,0,0,0,0,0,0,0,0,1,0,1,0,0,0,1,1,0,0,0,1,1,1,1,1,1,0,1,1,1,1,0,0,1,1,0,1,0,1,1,1,1,1,1,1,1,0,1,1,0,0,0,1,1,0,1,1,0,0,0
1697,0,0,0,0,0,0,0,0,0,0,0,0,0,1,0,0,0,0,0,0,450,1450,1,1,1,1,0,1,1,1,1,1,1,1,1,1,0,1,0,1,1,1,0,1,1,1,1,1,1,1,1,1,0,0,1,0,0,0,1,1,1,1,1,0,0,1,1,0,1,1,0,1,1,1,0,0,0,1,1,1,1,1,0,0,1,0,0,1,0,1,1,1,1,0,1,0,0,0,0,0,1,0,1,0,0,0,0,0,0,0,0,0,1,0,1,0,0,1,1,1,1,1
1701,0,0,0,0,0,0,0,0,0,0,0,0,0,1,0,0,0,0,0,0,1120,2023,0,1,1,1,1,1,1,1,1,1,1,1,1,1,1,1,1,0,1,1,0,1,1,1,1,1,1,1,1,1,1,0,1,0,0,0,1,1,1,1,1,1,1,0,1,0,1,0,0,1,0,1,0,0,0,1,1,1,1,0,1,1,0,0,1,1,0,1,1,1,1,0,1,0,1,0,1,0,1,0,1,0,1,1,0,1,0,0,1,0,1,1,1,1,1,1,1,1,1,1
1703,0,0,0,0,0,0,0,0,0,0,0,0,0,1,0,0,0,0,0,0,1265,1310,1,0,0,0,0,0,1,0,0,0,1,0,0,0,0,1,1,0,0,0,0,1,0,0,1,1,1,0,1,0,0,0,0,1,0,0,0,0,0,0,0,0,0,0,0,0,0,0,0,1,0,1,0,0,0,1,0,0,0,0,1,1,1,1,0,1,0,1,1,1,1,0,1,1,0,0,1,0,1,1,0,0,1,1,1,0,0,1,0,0,0,0,0,1,0,0,1,0,0,0
1708,0,0,0,0,1,0,0,0,0,0,0,0,0,0,0,0,0,0,0,1,708,2023,1,1,1,1,0,1,1,0,0,1,1,0,0,1,1,1,0,0,0,0,0,1,1,1,1,1,1,1,1,1,0,0,1,0,0,0,0,0,0,1,1,0,1,1,0,0,0,1,1,1,0,0,0,0,0,1,0,0,0,0,0,1,0,1,0,0,0,1,1,1,1,1,0,0,1,0,1,0,1,0,1,0,0,0,0,0,0,0,1,0,1,0,1,1,0,0,1,1,1,0
1709,0,0,0,0,1,0,0,0,1,0,1,0,0,0,0,0,0,0,0,0,1115,1269,1,1,1,1,1,1,1,0,1,1,1,1,1,1,1,1,1,1,1,1,0,1,1,1,1,1,1,1,1,1,0,0,1,0,0,0,1,1,1,1,1,1,0,0,1,0,1,0,0,1,0,1,0,1,0,1,1,0,1,1,1,1,1,0,1,1,1,1,1,1,0,1,1,1,1,1,1,1,1,1,1,1,0,0,1,1,1,1,1,1,1,1,1,1,1,0,1,1,1,1
1714,0,0,0,0,0,0,0,0,0,0,0,0,0,1,0,0,0,0,0,0,2019,2022,1,1,1,1,0,1,0,1,0,0,1,0,1,1,1,1,0,1,0,1,1,1,0,1,1,1,1,1,1,1,0,1,1,1,0,0,0,0,0,0,1,1,1,1,0,0,1,0,0,1,0,1,0,0,0,1,0,0,0,0,0,1,0,0,0,1,0,0,0,1,1,1,0,0,0,0,1,1,1,0,0,0,1,0,1,0,0,0,0,0,1,0,1,0,0,0,1,1,1,1
1737,0,0,0,0,1,0,0,0,0,1,0,0,0,0,0,0,0,0,0,1,661,2023,0,1,1,1,1,1,1,1,1,1,1,1,1,1,1,1,1,0,1,0,0,1,1,1,1,1,1,1,1,1,0,1,1,1,0,0,1,1,1,0,1,1,1,1,0,0,1,0,0,1,1,1,0,0,0,1,0,0,0,0,1,1,0,0,1,1,0,1,1,1,1,0,0,1,0,0,1,0,1,1,0,0,1,1,1,0,0,1,1,0,1,0,1,1,1,0,1,1,1,0
1740,0,0,0,1,0,0,0,0,0,1,0,0,0,1,0,0,0,0,0,0,669,690,1,1,1,1,1,0,1,0,1,1,1,0,1,1,1,1,1,1,1,1,0,1,0,1,1,1,1,0,1,1,0,0,1,0,0,0,1,0,1,1,1,0,0,0,1,0,0,0,0,1,0,1,0,1,0,1,1,1,1,0,0,0,0,0,0,0,0,1,1,1,0,0,0,0,1,0,0,0,0,0,0,0,0,0,0,0,0,0,0,0,0,0,0,1,1,0,1,1,0,1
1741,0,0,0,0,0,0,0,0,0,0,1,0,0,0,0,0,0,0,0,0,1891,2023,1,0,1,1,0,1,1,1,1,1,1,1,1,1,1,1,1,1,1,1,1,1,1,1,1,1,1,1,1,1,1,0,1,1,1,0,1,1,1,1,1,1,1,0,1,0,1,0,0,1,0,1,0,0,0,1,1,0,1,0,0,1,0,0,1,1,1,1,1,1,0,0,1,0,1,0,1,0,1,1,1,1,1,1,1,0,0,0,1,1,1,1,1,1,1,1,1,1,1,1
1759,0,0,0,0,1,0,0,0,0,1,1,0,0,0,0,0,0,0,0,0,1195,2023,1,0,1,1,1,1,0,0,1,0,1,1,1,1,0,1,1,0,0,0,0,1,1,1,1,1,1,1,1,1,0,0,1,1,0,0,0,1,1,0,0,1,1,0,1,0,1,0,0,1,0,1,0,0,0,1,0,0,1,0,1,1,1,1,0,1,0,1,1,1,1,0,0,1,1,0,1,0,1,1,0,0,0,1,1,0,0,1,1,0,1,0,1,0,0,0,1,1,1,1
1774,0,0,0,0,0,0,0,0,0,0,1,0,0,0,0,0,0,0,0,0,1557,1864,1,0,1,1,0,1,0,1,0,0,1,1,1,1,1,1,1,0,1,0,0,1,0,1,1,1,1,1,1,1,1,0,0,0,0,0,1,0,0,1,1,1,0,0,1,0,0,0,0,1,0,0,0,0,0,1,1,0,0,0,1,1,1,1,1,1,0,1,1,1,1,0,1,1,1,0,0,0,1,1,1,1,1,1,1,1,0,1,1,0,1,0,1,1,0,0,1,1,1,1
1776,0,0,0,0,0,0,0,0,0,0,1,0,0,0,0,0,0,0,0,0,1881,1939,1,0,1,1,0,1,0,1,1,0,1,1,1,1,1,1,0,0,1,0,0,1,0,1,1,1,1,1,1,1,1,1,1,1,0,0,1,1,0,0,1,0,0,1,1,0,1,0,0,1,0,0,0,0,0,1,1,0,1,0,1,1,1,1,0,1,0,1,1,1,1,0,1,1,1,0,0,0,1,0,0,0,1,1,1,0,0,1,0,0,1,0,1,1,1,0,1,1,1,1
1777,0,0,0,0,1,0,0,0,0,0,1,0,0,0,0,0,0,0,0,0,1881,1939,1,0,1,1,0,0,0,1,1,0,1,1,1,1,1,1,1,0,0,1,0,1,0,1,1,1,1,1,1,1,1,0,1,1,0,0,0,0,0,0,1,0,1,0,1,0,1,0,0,1,0,0,0,1,0,1,0,0,0,0,1,1,1,1,0,1,0,1,1,1,1,0,1,1,1,0,1,0,1,0,0,1,1,1,1,0,0,1,1,0,1,0,1,1,1,0,1,1,1,1
1779,0,0,0,0,1,0,0,0,0,0,1,0,0,0,0,0,0,0,0,0,1956,2023,1,1,1,1,1,1,1,1,1,1,1,1,1,1,1,1,1,0,1,1,0,1,1,1,1,1,1,1,1,1,1,0,1,0,0,0,1,1,0,0,1,0,0,0,1,0,1,0,0,1,0,0,0,1,0,1,1,0,0,0,1,1,1,1,1,1,0,1,1,1,1,1,1,1,1,0,1,0,1,1,1,1,1,1,1,1,0,1,1,0,1,0,1,0,1,1,1,1,1,1
1780,0,0,0,0,0,0,0,0,0,0,1,0,0,0,0,0,0,0,0,0,1881,1939,1,0,1,1,0,1,1,1,0,0,1,1,1,1,1,1,1,0,1,1,0,1,1,1,1,1,1,1,1,1,1,0,1,1,0,0,1,1,0,0,1,0,0,0,0,0,1,0,0,1,0,1,0,0,0,1,1,0,0,0,1,1,1,1,0,1,0,1,1,1,1,0,1,1,1,0,0,0,1,0,0,0,1,1,0,0,0,0,0,1,1,0,1,1,1,0,1,1,1,1
1781,0,0,0,0,0,0,0,0,0,0,1,0,0,0,0,0,0,0,0,0,1969,2023,0,1,1,1,0,1,1,1,1,0,1,1,1,1,0,1,1,0,0,1,0,1,1,1,1,1,1,1,0,1,1,0,1,0,0,0,0,1,0,0,1,0,0,0,0,0,0,0,0,1,0,1,0,1,0,1,1,0,0,0,1,1,1,1,0,1,0,1,1,1,1,0,0,1,0,0,1,0,1,1,1,1,1,1,1,0,0,1,1,0,1,0,0,1,0,0,0,1,1,1
1791,0,0,0,0,1,0,0,0,0,1,0,0,0,0,0,0,0,0,0,1,1100,1200,1,0,1,0,1,0,1,0,0,1,1,0,0,1,1,1,1,0,0,0,0,1,1,1,1,1,1,0,1,1,0,0,1,0,0,0,0,0,1,1,1,0,0,0,1,0,1,0,0,1,0,0,0,0,0,1,1,0,1,0,1,0,1,1,0,1,0,1,1,1,1,0,0,1,1,0,1,0,1,0,0,0,0,0,0,0,0,0,0,0,1,0,1,0,0,0,1,1,1,1
1793,0,0,0,1,0,0,0,0,0,0,0,0,0,1,0,0,0,0,0,0,456,681,0,0,1,1,1,1,1,1,1,0,1,1,1,1,0,1,1,0,1,0,0,0,0,0,1,1,0,0,0,0,0,0,0,0,0,0,1,0,0,0,1,0,0,0,0,0,1,0,0,1,0,1,0,1,0,1,1,0,0,0,1,1,1,1,0,1,0,1,1,1,1,0,0,1,1,0,1,0,1,1,0,1,1,1,1,0,0,1,1,0,1,0,1,1,0,1,0,0,0,0
1805,0,0,1,0,1,0,0,0,0,0,0,0,0,0,0,0,0,0,0,1,1744,1819,1,1,1,0,1,0,1,0,1,1,1,0,0,1,1,1,1,0,1,0,0,1,0,0,1,1,1,1,1,0,0,0,1,0,0,0,1,0,1,1,1,0,0,0,1,0,0,0,0,1,0,1,0,1,0,1,1,0,0,0,1,1,0,0,1,0,0,0,1,0,0,1,1,0,1,1,0,0,0,0,1,1,0,0,1,1,0,0,1,1,0,1,0,1,1,1,1,0,0,0
1806,0,0,0,0,0,0,0,0,0,0,1,0,0,0,0,0,0,0,0,0,1800,1900,1,1,0,1,0,1,0,1,1,0,1,1,1,1,1,1,1,1,1,1,1,1,1,1,1,1,1,1,0,1,1,0,1,0,0,1,0,1,0,1,0,1,1,0,1,0,1,0,0,1,0,1,0,1,0,1,1,0,0,0,0,1,1,1,0,1,0,1,1,1,1,0,1,1,0,0,1,0,1,0,0,1,1,1,1,0,0,1,0,0,1,0,1,1,0,1,0,1,1,1
1808,0,0,0,0,1,0,0,0,0,0,1,0,0,0,0,0,0,0,0,0,1793,1864,1,0,1,0,0,0,1,0,1,0,1,0,0,1,1,1,1,0,0,0,0,1,0,1,1,1,1,1,1,1,0,0,1,0,0,0,0,1,1,0,1,0,0,0,0,0,0,0,0,1,0,0,0,0,0,1,0,0,0,0,0,1,0,1,1,0,1,1,1,0,1,1,0,0,1,0,0,0,1,0,1,0,0,0,1,0,0,0,0,0,0,1,0,1,0,0,1,1,0,0
1820,0,0,0,0,0,0,0,0,0,0,1,0,0,0,0,0,0,0,0,0,1980,2019,1,1,1,0,0,0,0,0,0,0,1,0,0,1,1,1,1,0,0,1,0,1,0,1,1,1,1,1,1,1,0,0,1,1,0,0,0,0,1,1,1,0,1,0,0,0,1,0,0,1,0,0,0,0,0,1,0,0,0,0,0,1,1,1,0,1,0,1,1,0,0,0,0,0,0,0,1,0,0,1,0,1,1,0,1,0,0,1,0,0,1,0,1,0,0,0,1,1,1,1
1829,0,0,0,0,0,0,0,0,0,0,1,0,0,0,0,0,0,0,0,0,1986,2019,1,0,1,1,0,1,1,0,0,0,1,1,0,1,1,1,0,0,0,1,0,1,1,1,1,1,1,1,1,1,0,0,1,1,0,0,0,0,1,1,1,0,0,0,0,0,1,0,0,1,0,1,0,0,0,1,0,0,0,0,1,1,1,1,0,1,1,1,1,1,1,0,0,1,1,0,1,0,1,1,0,0,1,1,0,0,1,1,0,0,1,0,1,1,0,0,1,1,1,1
1835,0,0,0,0,0,0,0,0,0,0,1,0,0,0,0,0,0,0,0,0,1948,2023,1,0,1,0,0,1,1,0,0,0,1,1,1,1,1,1,0,0,1,0,0,1,0,1,1,1,1,1,1,1,0,0,1,1,0,0,0,1,1,0,1,1,1,0,1,0,0,0,0,1,0,1,0,0,0,1,1,0,0,0,0,1,0,0,1,1,1,1,1,0,0,0,0,1,1,0,0,1,0,0,0,1,0,0,0,1,0,0,0,0,0,1,0,1,0,0,1,1,1,1
1845,0,0,0,0,0,0,0,0,0,0,0,0,0,1,0,0,0,0,0,0,1018,1536,1,1,1,1,1,1,1,1,1,1,1,1,1,1,1,1,1,0,1,0,0,1,0,1,1,1,1,1,1,1,0,0,1,0,0,0,1,0,1,0,1,1,1,0,1,0,0,0,0,1,0,1,0,0,0,1,1,1,0,0,0,1,1,0,1,1,0,0,1,0,1,0,1,0,1,0,0,0,0,0,1,1,1,1,1,1,0,1,1,0,0,1,1,0,1,1,1,1,1,1
1858,0,0,0,1,0,0,0,0,0,0,1,0,0,0,0,0,0,0,0,0,185,373,1,1,1,1,1,1,1,1,0,0,1,1,1,1,1,1,1,0,1,0,0,0,0,0,1,1,0,0,1,0,0,0,0,0,0,0,1,0,0,0,1,0,0,0,0,0,0,0,0,1,0,1,0,0,0,1,1,0,0,0,1,1,1,1,1,1,0,1,1,1,1,0,0,1,1,0,1,0,1,1,0,1,1,1,1,1,0,1,1,0,1,0,1,1,0,1,1,0,0,0
1869,0,0,0,0,0,0,0,0,1,0,1,0,0,0,0,0,0,0,0,0,1930,2015,1,0,0,1,0,1,0,1,1,0,1,1,1,1,0,1,0,1,1,1,1,0,1,1,1,1,0,1,1,1,1,0,1,1,1,0,1,1,0,1,1,1,0,0,1,0,1,0,0,1,0,1,0,0,0,1,1,0,0,0,1,1,1,1,0,1,0,1,1,1,1,0,1,1,1,0,1,0,1,1,0,0,1,1,1,0,1,1,1,0,1,0,1,1,0,1,1,1,1,1
1872,0,0,0,0,0,0,0,0,0,0,1,0,0,0,0,0,0,0,0,0,1947,2023,0,1,1,1,0,1,0,0,0,0,1,1,1,1,1,1,1,0,1,1,0,1,0,1,1,1,1,1,1,1,0,0,1,0,0,0,1,0,1,0,1,1,1,0,0,0,0,1,0,1,0,1,0,1,0,1,1,0,0,0,0,0,1,1,1,1,1,1,0,1,1,0,0,1,1,0,0,0,1,0,0,1,0,0,0,1,0,0,0,0,1,0,1,0,0,1,1,1,1,1
1897,0,0,0,0,0,0,0,0,0,0,1,0,0,0,0,0,0,0,0,0,1951,2023,1,0,1,1,0,1,0,1,0,0,1,1,1,1,1,1,0,0,1,1,0,1,0,1,1,1,1,1,1,1,0,0,1,1,0,0,1,0,1,0,1,1,1,0,0,0,1,0,0,1,0,1,0,0,0,1,1,0,0,0,0,0,1,1,0,1,1,1,0,1,1,0,0,1,1,0,0,0,1,0,0,1,0,0,0,1,0,0,1,0,1,0,1,0,0,0,1,1,1,1
1903,0,1,0,0,1,0,0,0,0,0,0,0,0,0,0,0,0,0,0,1,750,1258,1,1,1,1,1,1,1,1,1,1,1,1,1,1,1,1,1,0,1,1,0,1,1,1,1,1,1,1,1,1,0,0,1,0,0,0,1,1,1,1,1,1,0,0,1,0,1,0,0,1,0,1,0,1,0,1,1,0,1,1,1,1,0,0,1,1,0,0,1,1,0,1,1,0,1,1,1,1,1,1,1,1,1,1,1,1,0,1,1,1,1,1,1,1,1,1,1,1,1,1
1904,0,0,0,0,1,0,0,0,0,1,1,0,0,0,0,0,0,0,0,0,1800,2000,1,1,1,0,1,1,1,0,0,1,1,1,1,1,1,1,1,0,1,0,0,1,1,1,1,1,1,1,1,1,1,0,1,1,0,0,1,1,1,1,1,1,1,0,1,0,1,0,0,1,0,1,0,0,0,1,0,0,0,0,1,1,1,1,0,1,0,1,1,1,1,0,0,1,1,0,1,0,1,1,0,0,0,0,0,0,0,1,0,0,1,0,0,0,0,0,1,1,1,1
1908,0,0,0,0,0,0,0,0,0,0,0,0,1,0,0,0,0,0,0,0,1100,1300,1,1,1,1,0,1,1,1,1,0,1,1,1,1,1,1,1,0,1,1,1,1,1,1,1,1,1,1,1,1,1,0,1,0,0,0,1,1,0,1,1,0,0,0,1,0,0,0,0,1,0,0,0,0,0,1,1,0,1,0,1,1,1,1,1,1,0,1,1,1,1,0,1,1,0,0,1,0,1,0,1,0,1,1,1,0,0,1,0,0,1,0,1,1,0,1,1,1,1,1
1918,1,0,0,0,0,0,0,0,0,0,0,0,1,0,0,0,0,0,0,0,1950,2023,1,0,1,0,0,0,1,0,0,0,1,0,1,1,0,1,0,0,1,0,0,1,0,0,1,1,1,0,0,0,1,0,0,0,0,0,0,0,0,0,0,0,0,0,0,0,0,0,0,0,0,0,0,0,0,0,0,0,0,0,0,0,0,0,0,0,0,0,0,0,0,0,0,0,0,0,0,0,0,0,0,0,0,0,0,0,0,0,0,0,0,0,0,0,0,0,0,0,0,0
1928,0,0,0,0,1,0,0,0,0,0,1,0,0,0,0,0,0,0,0,0,1793,1864,1,0,0,0,1,0,1,0,1,1,1,0,1,0,1,1,1,0,1,0,0,1,0,1,1,1,1,0,1,1,0,0,1,1,0,0,1,1,1,0,1,0,0,0,0,0,1,0,0,1,0,1,0,0,0,1,1,0,0,0,1,1,1,1,0,1,0,1,1,1,1,0,1,1,1,0,0,0,1,0,1,1,1,1,1,0,0,1,1,0,1,0,1,1,1,1,1,1,1,1
1938,0,0,0,0,0,0,0,0,0,0,0,0,0,0,0,0,0,0,0,1,1850,2023,1,0,1,0,0,0,1,0,0,0,1,0,0,1,0,1,1,0,1,0,0,1,0,0,1,1,1,1,1,0,0,0,1,0,0,0,0,0,1,0,1,0,0,0,0,0,0,0,0,1,0,1,0,1,0,1,0,0,0,0,0,1,0,0,0,0,0,1,1,0,0,0,0,0,1,0,0,0,1,0,0,0,0,0,0,0,0,0,1,0,0,0,0,1,1,0,1,0,0,0
1940,0,0,0,0,0,0,0,0,0,0,1,0,0,0,0,0,0,0,0,0,1950,2023,0,0,1,1,0,1,0,0,0,0,1,1,1,1,1,1,0,0,1,1,0,1,0,1,1,1,1,1,1,1,0,0,1,1,0,0,0,0,1,0,1,1,1,0,0,0,0,0,0,1,0,1,0,1,0,1,1,0,0,0,0,1,0,1,0,1,0,1,1,1,1,0,0,1,1,0,0,0,1,0,0,0,0,0,0,1,0,0,0,0,1,0,1,0,0,0,1,1,1,1
1943,0,0,0,0,0,0,1,0,0,0,0,0,0,0,0,0,1,0,0,0,1990,2020,1,0,0,0,0,1,0,1,0,0,1,1,1,0,0,0,0,0,1,0,0,1,0,1,1,1,1,1,1,1,1,0,0,0,0,0,1,1,0,0,1,1,0,0,0,0,0,0,0,0,0,0,0,0,0,0,0,0,1,0,1,1,1,1,0,1,1,1,1,1,1,0,0,0,0,0,0,0,1,1,0,0,1,1,1,0,0,1,0,0,1,0,1,0,0,0,0,1,1,1
1958,0,0,0,0,0,0,0,0,0,0,1,0,0,0,0,0,0,0,0,0,1915,2018,1,1,1,0,0,0,1,0,0,0,1,0,1,1,1,1,1,0,1,1,1,1,1,1,1,1,1,1,1,1,0,0,1,0,0,1,1,0,1,1,1,0,0,0,0,0,0,0,0,1,0,1,0,1,0,1,1,0,0,0,0,1,1,1,1,0,0,1,1,0,1,0,0,1,1,0,0,0,1,0,1,1,0,0,0,1,0,1,0,0,1,0,1,1,1,0,1,0,0,0
1961,0,0,0,0,0,0,0,0,0,0,1,0,0,0,0,0,0,0,0,0,1990,2023,1,1,1,1,1,0,1,0,0,0,1,0,0,1,1,1,1,0,1,1,0,1,0,1,1,1,1,1,1,1,0,0,1,1,0,0,1,0,1,0,1,0,1,0,0,0,1,0,0,1,0,1,0,1,0,1,1,0,1,0,0,1,1,1,0,1,0,1,1,1,1,0,0,1,0,0,0,0,1,0,0,0,0,0,0,0,0,1,0,0,1,0,1,0,1,0,1,1,1,1
1962,0,1,0,0,0,0,0,0,0,0,0,0,1,0,0,0,0,0,0,0,670,845,1,0,1,0,0,0,1,0,1,0,1,0,0,1,0,1,1,0,0,1,1,1,0,0,1,1,1,0,0,0,0,0,1,0,0,0,0,0,0,0,0,0,0,0,0,0,0,0,0,1,0,0,0,0,0,0,0,0,0,0,0,0,0,0,0,0,0,0,0,0,0,0,0,0,0,0,0,0,0,0,0,0,0,0,0,0,0,0,0,0,0,0,0,1,0,0,0,0,0,0
1966,0,0,0,0,0,0,0,0,1,0,1,0,0,0,0,0,0,0,0,0,1972,2023,1,0,1,1,0,1,0,1,0,0,1,1,1,1,1,1,1,0,1,1,1,1,1,1,1,1,1,1,1,1,0,0,1,1,0,0,1,1,1,1,1,0,0,1,0,0,1,0,0,1,0,1,0,1,0,1,1,0,1,0,1,1,1,1,0,1,1,1,1,0,1,0,1,1,0,0,1,0,1,1,1,1,1,0,1,0,0,1,1,0,1,0,1,1,1,1,1,1,1,1
1972,0,0,0,0,0,0,0,0,0,0,0,0,0,0,1,0,0,0,0,0,1970,2000,1,1,1,1,0,0,1,0,0,0,1,0,0,1,1,1,1,0,1,1,0,1,1,1,1,1,1,1,1,1,0,0,1,0,0,0,1,1,1,1,1,0,0,0,0,0,1,1,0,1,0,0,0,1,0,1,1,1,1,0,0,0,1,0,0,1,0,1,1,0,0,0,0,1,0,0,0,0,0,0,0,1,0,0,0,0,0,0,0,0,0,0,0,1,1,0,1,1,1,1
1974,0,0,0,0,0,0,0,0,0,0,1,0,0,0,0,0,0,0,0,0,1989,2023,1,0,1,1,0,0,1,0,0,0,1,0,1,1,1,1,1,0,1,1,0,1,0,1,1,1,1,1,1,1,0,0,1,1,0,0,1,0,1,0,1,0,0,0,0,0,1,0,0,1,0,1,0,1,0,1,1,0,0,0,0,1,1,1,0,1,1,1,1,1,1,0,0,1,0,0,0,0,1,0,0,0,0,0,0,0,0,0,0,0,1,0,1,1,1,0,1,1,1,1
1978,1,1,0,0,0,0,0,0,0,0,0,0,1,0,0,0,0,0,0,0,1965,2023,1,0,1,0,0,0,1,0,0,0,1,0,0,1,0,1,0,0,1,0,1,1,0,0,1,1,1,0,0,0,0,0,1,0,0,0,0,0,0,0,1,0,0,0,0,0,0,0,0,1,0,0,0,0,0,0,0,0,0,0,0,0,0,0,0,0,0,0,0,0,0,0,0,0,0,0,0,0,0,0,0,0,0,0,0,0,0,0,0,0,0,0,0,0,0,0,0,0,0,0
1983,0,0,0,0,0,0,0,0,0,0,0,0,0,0,0,0,0,0,0,1,400,600,0,0,0,0,0,0,0,0,0,0,0,0,0,0,1,0,0,0,0,1,0,1,1,1,1,1,1,0,1,1,0,0,1,1,0,0,0,0,0,0,1,0,0,1,1,0,0,1,0,1,1,0,0,0,0,1,1,0,1,0,0,0,0,0,0,0,0,0,1,0,0,0,0,0,0,0,0,0,0,0,0,0,0,0,0,0,0,0,0,0,0,0,0,0,0,0,1,1,1,1
1985,0,0,1,1,0,0,0,0,0,0,0,0,0,0,0,0,0,0,0,1,34,638,1,1,1,0,1,1,1,1,1,0,1,1,1,1,1,1,0,0,1,0,0,1,0,0,1,1,1,0,1,0,0,0,0,0,0,0,1,0,0,0,1,0,0,0,0,0,0,0,0,1,0,1,0,0,0,1,1,0,0,0,1,1,1,1,1,0,0,1,1,1,1,1,0,1,1,0,1,0,1,1,1,1,1,1,1,1,0,1,1,1,1,0,1,1,0,1,1,0,0,0
1989,0,0,0,0,0,0,0,0,0,0,0,0,0,1,0,0,0,0,0,0,-600,300,1,0,0,1,1,1,0,1,1,1,1,1,1,1,1,1,0,1,1,1,1,1,1,1,1,1,1,1,0,1,1,0,1,0,0,0,1,1,0,0,1,1,0,0,1,0,1,0,0,1,0,1,0,0,0,1,0,0,1,0,1,1,1,1,1,1,0,1,1,1,1,1,1,1,1,1,0,0,1,1,1,0,0,0,0,1,1,1,0,1,1,1,1,0,0,0,0,1,1,1
1993,0,0,0,0,0,0,0,0,0,0,0,0,0,1,0,0,0,0,0,0,-600,400,1,0,0,0,1,1,1,1,1,1,1,1,1,0,0,1,0,0,1,1,0,1,1,1,1,1,1,1,1,1,1,0,1,1,0,1,1,1,0,0,1,0,1,0,0,0,1,0,0,1,0,1,0,0,0,0,0,0,1,0,1,1,1,1,0,1,0,1,1,1,1,1,1,1,0,0,1,0,1,0,1,0,1,0,1,0,0,1,0,0,1,0,1,1,0,0,1,1,1,1
1994,0,0,0,0,0,0,0,0,0,0,1,0,0,0,0,0,0,0,0,0,1968,2023,1,0,1,1,1,0,1,0,0,0,1,0,1,1,1,1,1,0,1,1,0,1,0,1,1,1,1,1,1,1,0,0,1,1,0,0,1,0,1,0,1,0,1,0,0,0,1,0,0,1,0,1,0,1,0,1,1,0,1,0,1,1,1,1,0,1,0,1,1,1,0,0,0,1,0,0,0,0,1,0,1,1,0,0,0,0,0,1,0,0,1,0,1,0,0,0,1,1,1,1
2000,0,0,0,0,0,0,0,0,0,0,1,0,0,0,0,0,0,0,0,0,1933,2023,1,0,1,1,0,0,1,1,0,0,1,0,1,1,1,1,0,0,1,1,0,1,0,1,1,1,1,1,1,1,0,0,1,1,0,0,1,0,1,0,1,0,0,0,0,0,1,0,0,1,0,1,0,1,0,1,1,0,0,0,1,1,1,1,0,1,0,1,1,1,1,0,0,1,0,0,1,0,1,1,0,0,0,0,0,0,0,1,0,0,0,0,1,0,0,0,1,1,1,1
2003,0,0,0,0,0,0,0,0,0,0,1,0,0,0,0,0,0,0,0,0,1914,2023,1,0,1,1,0,1,1,0,0,0,1,1,0,1,1,1,1,0,1,0,0,1,0,1,1,1,1,1,1,1,0,0,1,0,0,0,1,0,1,1,1,0,1,1,0,0,0,1,0,1,0,1,0,0,0,1,0,0,0,0,0,1,1,1,1,1,0,1,1,0,1,0,1,1,1,0,1,0,1,0,1,1,1,0,0,1,0,0,1,0,1,0,1,1,1,1,1,1,1,1
2006,0,0,0,0,0,0,0,0,0,0,1,0,0,0,0,0,0,0,0,0,1972,2023,1,0,1,0,0,0,1,0,0,0,1,0,1,1,1,1,1,0,1,1,0,1,0,1,1,1,1,1,1,1,0,0,1,1,0,0,1,0,1,0,1,0,1,0,0,0,1,0,0,1,0,1,0,1,0,1,0,0,0,0,1,1,1,1,0,1,0,1,1,1,1,0,0,1,0,0,0,0,1,1,0,0,0,0,0,0,0,1,0,0,1,0,1,0,0,0,1,1,1,1
2009,0,0,0,0,0,0,0,0,0,0,0,0,0,1,0,0,0,0,0,0,-800,300,1,0,0,0,1,1,1,1,1,1,1,1,1,0,0,1,0,0,1,1,0,1,1,1,1,1,1,1,1,1,1,0,0,1,0,0,1,1,0,0,1,1,1,1,0,0,1,0,0,0,0,1,0,0,0,0,0,0,0,0,1,1,1,1,0,1,0,1,1,1,1,1,1,1,0,0,1,0,1,1,0,0,1,0,1,1,0,1,0,0,1,0,1,0,0,0,1,1,1,1
2010,0,0,0,0,1,0,0,0,0,0,0,0,0,1,0,0,0,0,0,0,1240,2023,1,1,1,1,1,1,1,1,1,1,1,1,1,1,1,1,1,1,1,1,0,0,1,0,1,1,0,0,1,0,0,0,1,0,0,0,1,0,1,1,1,1,1,0,1,0,1,0,0,1,0,1,0,1,0,1,1,0,0,0,1,1,1,0,1,1,0,1,1,1,1,1,1,1,1,1,1,0,1,0,1,0,1,0,1,1,0,1,1,0,1,0,1,0,0,0,1,0,0,0
2011,0,0,0,0,0,0,0,0,0,0,1,0,0,0,0,0,0,0,0,0,1885,2023,1,0,1,1,1,0,1,0,0,0,1,0,1,1,1,1,1,0,1,1,0,1,0,1,1,1,1,1,1,1,0,0,1,1,0,0,1,0,1,0,1,0,1,0,0,0,1,0,0,1,0,1,0,1,0,1,1,0,0,0,1,1,1,1,0,1,0,1,1,1,1,0,0,1,0,0,0,0,1,1,0,0,0,0,0,0,0,0,0,0,1,0,1,0,0,0,1,1,1,1
2016,0,0,1,0,0,0,0,0,0,0,0,0,0,0,0,0,0,0,0,1,909,1171,1,1,1,1,1,1,1,1,1,1,1,1,1,1,1,1,1,0,1,1,0,0,1,1,1,1,0,1,1,1,1,0,1,0,0,0,1,0,0,1,1,1,1,0,1,0,0,0,0,1,0,0,0,1,0,1,0,0,0,0,1,1,0,0,1,0,0,0,1,1,0,1,1,0,1,1,0,1,0,1,1,1,0,0,0,1,0,0,1,1,1,1,0,1,1,1,1,1,1,1
2021,0,0,0,0,0,0,0,0,0,0,1,0,0,0,0,0,0,0,0,0,1905,2023,1,1,1,0,1,1,1,0,0,1,1,1,0,1,1,1,1,0,1,1,0,1,1,1,1,0,1,0,1,1,0,0,1,0,0,0,1,0,1,1,1,0,0,0,0,0,1,0,0,1,0,1,0,1,0,1,1,0,0,0,1,1,1,1,1,1,0,1,1,1,1,0,1,1,1,0,1,0,1,1,1,1,1,1,1,0,0,1,1,0,1,0,1,1,1,1,1,1,1,0
2023,0,0,1,0,1,0,0,0,0,0,1,0,0,0,0,0,0,0,0,0,971,1152,1,1,1,1,1,1,1,1,1,1,1,1,1,1,1,1,1,0,0,1,0,1,1,1,1,1,1,1,1,1,1,0,1,0,0,0,0,0,0,1,1,0,1,0,1,0,0,0,0,1,0,0,0,1,0,1,0,0,0,0,1,1,0,0,1,0,0,0,1,1,0,1,1,0,1,1,1,1,0,0,1,1,1,1,1,1,0,0,1,1,1,1,0,1,1,1,1,1,1,1
2027,0,0,1,0,1,0,0,0,0,0,0,0,0,1,0,0,0,0,0,0,1953,2023,1,1,1,1,0,0,1,0,0,0,1,0,1,1,1,1,1,0,1,0,0,1,0,1,1,1,1,1,1,1,0,0,1,0,0,0,1,0,1,0,1,0,0,0,0,0,1,0,0,1,0,0,0,0,0,1,1,0,0,0,1,1,1,1,1,1,0,1,1,1,1,1,0,1,1,0,1,0,1,0,1,0,1,1,1,0,0,1,0,0,1,0,1,1,1,0,1,1,1,1
2031,0,0,1,0,1,0,0,0,0,0,1,0,0,0,0,0,0,0,0,0,800,909,1,1,1,1,1,1,1,1,1,1,1,1,1,1,1,1,1,0,0,1,0,1,1,1,1,1,1,1,1,1,1,0,1,0,0,0,0,0,0,1,1,0,0,1,1,0,0,1,0,1,0,0,0,1,0,1,1,0,0,0,1,0,0,0,1,0,0,0,1,1,0,1,1,0,1,1,1,1,0,0,1,1,0,0,0,1,0,0,1,1,0,1,0,1,1,1,1,1,1,1
2038,0,0,0,0,0,0,0,0,0,0,0,0,0,1,0,0,0,0,0,0,1000,1300,0,1,1,1,1,0,1,0,0,0,1,0,0,1,1,1,1,1,1,1,1,1,1,1,1,1,1,1,1,1,0,0,1,0,0,0,1,1,1,1,1,1,1,0,1,0,1,1,0,1,0,1,1,1,0,1,1,1,1,0,0,0,1,1,0,1,0,1,1,1,1,0,0,0,0,0,0,0,1,0,0,0,0,0,0,0,0,0,0,0,1,0,1,0,0,0,1,1,1,1
2048,0,0,1,0,1,0,0,0,0,0,1,0,0,0,0,0,0,0,0,0,777,909,1,1,1,1,1,1,1,1,1,1,1,1,1,1,1,1,1,0,1,0,0,1,0,1,1,1,1,1,1,1,1,0,1,1,0,0,1,0,0,0,1,1,1,1,1,0,1,0,0,1,0,1,0,1,0,1,1,0,0,0,0,0,0,0,1,0,1,0,1,0,0,1,1,0,1,1,0,1,0,0,1,1,0,0,1,1,1,0,1,1,0,1,0,1,1,0,1,1,1,1
2051,0,1,0,0,0,0,0,0,0,0,0,0,0,0,0,0,0,0,1,0,2022,2024,1,0,0,0,0,0,0,1,1,0,1,0,1,0,0,1,0,0,1,1,1,1,0,1,1,1,1,1,0,1,1,0,1,0,0,0,1,1,0,0,1,0,0,0,0,0,1,0,0,1,0,0,0,0,0,0,0,0,1,0,1,1,1,1,0,1,0,1,1,1,1,0,1,1,0,0,0,0,1,1,0,0,0,0,0,0,0,1,0,0,1,0,1,0,0,0,0,1,1,1
2052,0,0,0,0,0,0,0,0,0,0,1,0,0,0,0,0,0,0,0,0,1992,2023,1,0,1,1,0,1,1,0,0,0,1,0,1,1,1,1,1,0,1,1,0,1,1,1,1,1,1,1,1,1,0,0,1,0,0,0,1,0,1,0,1,0,0,0,0,0,1,0,0,1,0,1,0,1,0,1,1,0,0,0,0,1,1,1,0,1,1,1,0,1,1,0,0,1,1,0,1,1,1,0,1,1,0,0,0,0,0,0,1,0,1,0,1,1,1,0,1,1,1,1
2054,0,0,0,0,0,0,0,0,0,0,1,0,0,0,0,0,0,0,0,0,1918,2023,1,1,1,1,1,0,1,1,0,0,1,0,1,1,1,1,1,0,1,1,0,1,0,1,1,1,1,1,1,1,0,0,1,1,0,0,1,0,1,1,1,0,1,0,0,0,1,0,0,1,0,1,0,0,0,1,0,0,0,0,0,1,0,1,1,1,0,1,1,0,1,0,0,1,1,0,0,0,1,0,1,1,0,0,0,0,0,0,0,0,1,0,1,1,1,0,1,0,0,0
2061,0,0,0,0,0,0,0,0,0,0,1,0,0,0,0,0,0,0,0,0,1800,1900,1,0,1,1,0,1,0,1,0,0,1,0,1,1,1,1,0,1,1,1,1,1,1,1,1,1,1,1,1,1,1,0,0,1,1,1,1,1,0,1,1,1,1,0,1,0,1,0,0,1,0,1,0,1,0,1,1,0,1,0,1,1,1,1,0,1,0,1,1,1,1,0,1,1,0,0,1,0,1,1,1,1,1,1,1,0,0,1,1,0,1,0,1,1,0,0,1,1,1,1
2069,0,0,1,0,1,0,0,0,0,0,1,0,0,0,0,0,0,0,0,0,1969,2022,1,1,0,0,1,1,1,0,1,1,1,1,1,0,1,0,1,0,1,1,0,1,0,1,1,1,1,1,1,1,0,0,1,1,0,0,1,1,1,0,1,1,1,0,1,0,1,0,0,1,0,1,0,1,0,1,1,0,1,0,1,1,1,0,0,1,0,1,1,1,1,0,0,1,1,0,1,0,0,1,0,1,1,1,1,0,0,1,1,0,1,0,1,0,0,0,1,1,1,1
2070,0,0,0,0,0,0,0,0,0,1,1,0,0,0,0,0,0,0,0,0,2003,2018,1,1,1,1,1,1,1,0,0,0,1,1,1,1,1,1,1,0,1,1,0,1,0,1,1,1,1,1,1,1,0,0,1,1,0,0,1,0,1,1,1,0,1,0,0,0,1,0,0,1,0,1,0,1,0,1,0,0,0,0,1,1,1,1,0,1,0,1,1,0,1,0,0,1,1,0,1,0,1,1,0,0,1,1,1,0,0,1,1,0,1,0,1,0,1,1,1,1,1,1
2074,0,0,1,0,0,0,0,0,1,0,1,0,0,0,0,0,0,0,0,0,1905,1906,1,0,1,1,0,1,0,1,1,0,1,1,0,1,1,1,0,0,0,0,0,0,0,0,1,1,0,1,1,0,0,0,1,0,0,0,0,0,1,1,1,0,0,1,0,0,0,1,0,1,0,0,0,0,0,1,1,0,0,0,0,1,0,0,1,0,0,0,1,1,0,1,1,0,1,1,0,1,0,0,1,1,1,0,1,1,1,0,1,1,0,1,1,1,0,1,1,0,0,0
2084,0,0,1,0,0,0,0,0,0,0,1,0,0,0,0,0,0,0,0,0,1980,1985,0,0,1,1,0,0,0,0,1,0,0,0,1,1,0,1,1,1,1,0,0,1,1,1,1,1,1,1,1,1,0,0,1,1,0,0,0,1,1,0,1,1,1,1,0,0,1,1,0,1,0,1,1,0,0,1,0,0,1,0,0,0,1,0,0,1,0,0,0,0,0,0,0,0,0,0,0,0,0,0,0,0,0,0,0,0,0,0,0,0,0,1,0,0,0,0,1,1,1,1
2089,0,0,1,0,1,0,0,0,0,0,1,0,0,0,0,0,0,0,0,0,1974,2023,1,1,1,0,1,0,1,0,1,0,1,1,1,1,1,1,1,1,1,1,0,1,1,1,1,1,1,1,1,1,0,1,1,1,0,0,1,1,1,0,1,1,1,0,1,0,1,1,0,1,0,1,0,1,0,1,1,0,0,0,1,1,1,1,1,1,0,1,1,1,1,0,0,1,1,0,1,0,1,1,0,0,1,1,1,0,0,1,0,0,1,0,1,1,0,0,1,1,1,1
2094,0,0,0,0,0,0,0,0,0,0,0,0,0,0,1,0,0,0,0,0,100,1521,1,0,1,1,1,1,1,1,1,1,1,1,1,1,1,1,0,1,1,1,0,1,1,1,1,1,1,1,1,1,1,0,1,1,0,1,0,1,0,0,1,1,0,1,1,1,1,0,0,1,1,1,0,1,1,1,1,0,0,1,0,0,0,0,1,0,0,0,1,0,0,1,1,0,1,0,0,0,0,1,1,1,0,0,0,1,1,0,0,1,0,1,0,1,1,0,1,1,1,1
2100,0,0,1,0,0,0,0,0,0,0,1,0,0,0,0,0,0,0,0,0,1235,1554,1,1,1,1,1,1,1,1,1,1,1,1,1,1,1,1,1,0,1,1,0,1,1,1,1,1,1,1,1,1,0,0,1,1,0,0,1,0,1,1,1,1,1,1,1,0,1,0,0,1,0,1,0,1,0,1,1,0,1,0,1,1,0,0,1,0,0,0,1,0,1,1,1,0,1,1,0,1,0,1,1,1,0,0,1,1,1,1,1,1,0,1,0,1,1,0,1,0,0,0
2104,0,0,1,0,1,0,0,0,0,1,1,0,0,0,0,0,0,0,0,0,1700,1900,1,1,1,0,1,0,1,0,0,0,1,0,0,1,1,1,1,0,0,1,0,1,1,1,1,1,1,1,1,1,0,0,1,1,0,0,0,1,1,1,1,0,1,0,0,0,1,0,0,1,0,1,0,0,0,1,0,0,0,0,1,1,1,1,1,1,0,1,1,1,1,0,0,1,0,0,1,0,1,1,0,0,1,1,1,0,0,1,0,0,1,0,1,0,0,0,1,1,1,1
2111,0,0,0,0,0,0,0,0,0,0,1,0,0,0,0,0,0,0,0,0,700,1463,0,1,0,0,1,1,1,0,0,1,1,0,1,0,1,1,1,0,1,1,0,1,0,1,1,1,1,0,1,1,0,1,1,0,0,0,1,1,0,0,1,0,0,1,0,0,0,0,0,1,0,1,0,0,0,1,0,0,0,0,0,0,0,1,1,0,1,0,1,0,0,1,1,0,1,1,0,1,1,0,1,1,0,0,0,1,0,0,1,1,1,1,0,1,1,1,1,1,1,0
2114,0,0,1,0,1,0,0,0,0,0,1,0,0,0,0,0,0,0,0,0,1837,1990,1,1,1,1,0,0,1,1,1,0,1,0,1,1,1,1,1,0,1,1,0,1,0,1,1,1,1,1,1,1,0,0,1,1,0,0,1,1,1,0,1,0,0,0,0,0,1,0,0,1,0,1,0,0,0,1,0,0,0,0,1,1,1,1,1,1,0,1,1,1,1,1,1,1,1,0,0,0,1,0,1,0,0,1,1,0,0,0,0,0,1,0,0,1,0,1,1,1,1,1
2116,0,0,1,0,1,0,0,0,0,0,1,0,0,0,0,0,0,0,0,0,1804,1923,0,0,1,1,0,0,1,1,1,0,1,0,1,1,1,1,1,0,1,0,0,1,0,1,1,1,1,0,1,1,0,0,1,0,0,0,1,1,1,0,1,0,0,0,0,0,1,0,0,1,0,1,0,0,0,1,1,0,0,0,0,0,0,1,1,0,1,1,1,1,0,1,1,0,1,1,0,1,0,0,1,1,0,1,0,0,0,0,1,0,1,1,1,1,0,1,1,1,0,1
2121,0,0,0,0,0,0,0,0,0,0,0,0,0,1,0,0,0,0,0,0,1157,1200,1,0,0,0,0,0,0,0,1,0,1,0,0,0,0,1,0,0,1,0,0,1,0,0,0,1,1,0,0,0,0,0,0,0,0,0,0,0,0,0,1,0,0,0,0,0,0,0,0,0,0,0,0,0,0,0,0,0,0,0,0,1,1,0,0,0,0,1,1,1,0,0,0,0,0,0,0,0,1,0,0,0,0,0,0,0,0,0,0,0,1,0,0,1,0,0,0,0,0,0
2122,0,0,1,0,1,0,0,0,0,0,1,0,0,0,0,0,0,0,0,0,1978,2008,1,1,1,1,1,0,1,0,1,1,1,0,1,1,1,1,1,1,1,0,0,1,0,1,1,1,1,1,1,1,0,1,1,1,0,0,1,1,1,0,1,0,0,0,0,0,1,0,0,1,0,1,0,0,0,1,0,0,0,0,1,1,1,1,1,1,0,1,1,1,1,0,1,1,1,0,1,0,1,0,1,1,1,1,1,0,0,1,1,0,1,1,1,1,0,1,1,0,0,0
2126,0,0,1,0,1,0,0,0,0,0,1,0,0,0,0,0,0,0,0,0,1984,2023,1,0,1,0,0,0,1,0,0,0,1,0,1,1,1,1,1,1,1,0,0,1,0,1,1,1,1,1,1,1,0,1,1,1,0,0,1,1,1,0,1,0,0,0,0,0,1,0,0,1,0,1,0,0,0,1,1,0,0,0,1,1,1,1,1,1,1,1,1,1,1,0,1,1,1,0,0,0,1,0,1,1,1,1,1,0,0,1,1,0,1,1,1,1,0,1,1,1,1,1
2128,0,0,0,0,0,0,0,0,0,1,0,0,0,1,0,0,0,0,0,0,650,1700,1,1,1,1,1,0,1,0,0,1,1,0,1,1,1,1,1,0,1,1,0,1,1,1,1,1,1,1,1,1,0,0,1,1,0,0,1,0,1,1,1,0,1,0,0,0,1,1,0,1,0,1,0,0,0,1,0,0,0,0,1,1,1,0,1,1,0,1,1,1,1,0,1,0,1,1,1,0,1,0,1,0,1,0,0,0,0,0,1,0,1,0,1,1,1,1,1,1,1,1
2131,0,0,0,0,0,0,1,0,0,0,0,0,0,0,0,0,1,0,0,0,900,1470,1,0,0,0,1,1,1,1,1,1,1,1,1,0,0,1,0,0,1,1,0,1,1,1,1,1,1,0,1,1,1,0,1,1,0,1,0,1,0,0,1,0,1,0,1,1,1,0,0,1,0,1,0,1,1,1,1,0,0,0,1,1,1,1,0,1,0,1,1,1,1,0,0,1,0,0,1,0,1,1,1,1,1,1,1,0,0,1,0,0,0,0,0,0,0,0,1,1,1,1
2133,0,0,0,0,1,0,0,0,0,0,1,0,0,0,0,0,0,0,0,0,1923,2000,0,1,1,1,0,0,1,0,0,0,1,0,1,1,1,1,1,1,1,0,0,1,0,1,1,1,1,0,1,1,0,0,1,0,0,0,1,1,1,0,1,0,0,0,0,0,1,0,0,1,0,1,0,0,0,1,1,0,0,0,0,1,1,1,1,1,1,1,1,1,0,0,1,1,1,0,0,0,1,0,1,1,0,0,0,0,0,0,1,1,1,1,1,1,1,1,1,1,1,1
2138,0,0,1,0,0,0,0,0,0,1,1,0,0,0,0,0,0,0,0,0,1916,2024,1,0,1,1,1,1,1,0,1,1,1,1,1,1,1,1,1,1,1,0,0,1,0,1,1,1,1,1,1,1,0,0,1,1,0,0,1,1,1,0,1,0,0,0,0,0,1,0,0,1,0,1,0,1,0,1,1,0,0,0,1,1,1,1,1,1,1,1,1,1,1,0,1,1,1,0,0,0,1,0,1,1,1,1,1,1,0,1,1,1,1,1,1,1,1,1,1,1,1,0
2139,0,0,1,0,0,0,0,0,0,0,1,0,0,0,0,0,0,0,0,0,1980,2020,1,1,1,1,1,0,1,0,0,0,1,0,1,1,1,1,1,1,1,0,0,1,0,1,1,1,1,0,1,1,0,0,1,1,0,0,1,0,0,0,1,0,0,0,0,0,1,0,0,1,0,1,0,0,0,1,0,0,0,0,1,1,1,1,1,1,1,1,1,1,1,1,1,1,1,0,1,0,1,0,1,1,1,1,1,1,0,1,1,1,1,1,1,1,1,1,1,1,1,0
2147,0,0,1,0,1,0,0,0,0,0,1,0,0,0,0,0,0,0,0,0,1229,1574,1,1,1,1,1,1,1,1,1,1,1,1,1,1,1,1,1,0,1,1,0,1,0,1,1,1,1,1,1,1,1,0,1,0,0,0,1,1,0,1,1,1,1,1,1,0,0,1,0,1,0,0,0,1,0,1,0,0,0,0,0,0,0,0,1,0,1,0,1,1,0,1,1,0,1,1,0,1,0,0,1,1,0,0,0,1,0,0,1,1,1,1,0,1,1,1,1,1,1,1
2148,0,0,1,0,0,0,0,0,0,0,1,0,0,0,0,0,0,0,0,0,1705,1957,1,1,1,1,1,1,1,1,1,1,1,1,1,1,1,1,1,0,0,1,0,1,1,1,1,1,1,1,1,1,1,0,1,0,0,0,0,0,0,1,1,0,1,1,1,0,1,1,0,1,0,0,0,1,0,1,0,0,0,0,0,1,0,0,1,0,1,0,1,1,0,1,1,0,1,1,1,1,0,0,1,1,0,0,0,1,0,0,1,1,1,1,0,1,1,1,1,1,1,1
2149,0,0,0,0,0,0,0,0,0,1,0,0,0,1,0,0,0,0,0,0,330,1453,1,1,1,1,1,0,1,1,0,1,1,0,1,1,1,1,0,1,1,0,0,1,1,1,1,1,1,1,1,1,0,0,1,1,1,0,1,1,1,1,1,1,1,0,1,0,1,1,0,1,0,1,0,0,0,1,1,0,0,1,1,1,1,0,1,1,0,1,1,1,1,0,1,0,1,0,0,0,1,0,1,0,1,0,0,0,0,1,0,0,1,0,1,1,0,0,1,1,1,1
2157,0,0,0,0,0,0,0,0,0,0,0,0,0,0,1,0,0,0,0,0,1775,1815,1,0,1,1,0,0,1,0,0,0,1,0,0,1,1,1,1,1,1,1,0,1,0,1,1,1,1,1,1,1,0,0,1,1,0,0,1,0,1,1,1,1,0,1,1,0,1,1,0,1,0,1,0,1,0,1,1,0,1,0,1,1,1,0,1,1,0,1,1,1,1,0,0,1,0,0,1,0,1,1,0,0,1,1,1,1,1,1,0,0,1,0,1,1,0,0,1,1,1,1
2160,0,0,0,0,0,0,0,0,0,0,0,0,0,0,0,0,0,0,0,1,250,843,1,1,1,1,1,1,1,1,1,1,1,1,1,1,1,1,1,1,1,1,0,1,0,0,1,1,1,1,1,0,0,0,0,0,0,0,1,0,0,0,1,1,1,0,1,0,1,0,1,1,0,1,0,1,0,1,1,1,1,0,1,1,1,1,1,1,0,1,1,1,1,1,1,1,1,0,1,1,1,1,0,0,0,0,1,1,1,1,1,0,1,0,1,1,1,0,1,0,0,0
2166,0,0,0,0,0,0,0,0,0,1,0,0,0,1,0,0,0,0,0,0,395,1453,1,1,1,1,1,1,1,1,1,1,1,1,1,1,1,1,1,1,1,1,0,1,1,0,1,1,1,0,1,0,0,0,1,0,0,0,1,1,1,1,1,1,0,0,1,0,1,0,0,1,1,1,0,1,0,1,1,0,0,0,1,1,1,1,1,1,0,1,1,1,1,1,1,1,1,0,1,0,1,0,1,0,0,1,1,1,1,1,1,0,1,0,1,1,1,1,1,1,1,1
2178,0,0,0,0,0,0,0,0,0,0,1,0,0,0,0,0,0,0,0,0,1918,2023,1,1,1,1,0,1,0,1,0,0,1,1,1,1,0,1,1,0,1,1,0,1,0,1,1,1,1,1,1,1,0,0,1,1,0,0,1,0,1,1,1,1,1,0,0,0,1,0,0,1,0,1,0,1,0,1,0,0,0,0,1,1,1,1,0,1,0,1,1,1,1,0,1,1,1,0,1,0,1,1,0,0,1,1,1,0,0,1,1,0,1,0,1,0,1,0,1,1,1,1
2180,0,0,0,0,0,0,0,0,0,0,0,0,0,0,1,0,0,0,0,0,1921,2024,1,0,1,1,1,1,1,1,1,1,1,1,1,1,1,1,1,1,1,1,0,1,1,1,1,1,1,1,1,1,1,0,1,1,0,1,1,1,1,1,1,1,1,0,1,0,1,0,0,1,0,1,0,1,0,1,1,0,1,0,1,1,1,1,0,1,0,1,1,1,1,0,1,1,1,1,1,1,1,1,1,1,1,1,1,1,1,1,1,0,1,1,1,1,1,1,1,1,1,0
2194,0,0,0,1,0,0,0,0,1,0,1,0,0,0,0,0,0,0,0,0,1952,2023,1,1,1,1,1,1,1,1,0,0,1,0,0,1,1,1,1,0,1,0,0,1,0,1,1,1,1,1,1,1,0,0,0,0,1,0,1,0,0,1,1,0,1,1,0,0,1,1,0,1,0,1,0,1,0,1,1,0,0,0,1,1,1,1,1,1,1,1,1,1,1,1,0,1,1,0,1,1,1,0,1,1,1,0,1,1,0,1,1,0,1,0,1,1,1,0,1,1,1,1
2200,0,0,0,0,0,0,0,0,0,0,1,0,0,0,0,0,0,0,0,0,1480,2024,1,0,1,1,0,1,1,1,1,0,1,1,1,1,0,1,1,0,1,1,0,1,1,0,1,1,1,1,1,0,1,0,1,0,0,0,1,1,1,1,1,0,0,0,0,0,1,0,0,1,0,1,0,1,0,1,1,0,0,0,0,1,1,1,1,1,0,1,1,1,1,0,1,1,1,0,1,0,1,0,1,1,1,1,0,1,0,0,1,0,1,0,1,1,1,1,1,1,1,1
2203,1,0,0,0,0,0,0,0,0,0,0,0,1,0,0,0,0,0,0,0,-476,220,0,0,1,1,0,0,0,0,1,0,1,0,0,1,0,1,1,0,0,0,0,0,0,0,0,0,0,0,0,0,0,0,0,0,0,0,0,0,0,1,0,0,0,0,0,0,0,0,0,0,0,0,0,0,0,0,0,0,0,0,0,0,0,0,0,0,0,0,0,0,0,0,0,0,1,0,0,0,0,0,0,0,0,0,0,0,0,0,0,0,1,0,1,0,0,0,0,0,0,0
2209,0,0,0,0,0,0,0,0,0,0,1,0,0,0,0,0,0,0,0,0,1842,2024,1,0,1,1,1,1,1,1,0,1,1,1,1,1,1,1,1,0,1,1,0,1,1,1,1,1,1,1,1,1,0,0,1,1,0,0,1,0,1,0,1,0,1,0,0,0,1,0,0,1,0,1,0,1,0,1,1,0,0,0,1,1,1,1,1,1,1,1,1,1,1,0,1,1,1,0,1,0,1,1,1,1,1,1,1,1,0,1,1,0,1,1,1,1,1,1,1,1,1,1
2210,0,0,0,0,0,0,0,0,0,0,1,0,0,0,0,0,0,0,0,0,1981,2024,1,0,1,0,0,1,0,1,0,0,1,1,1,1,0,1,1,0,1,1,0,1,1,1,1,1,1,1,1,1,0,0,1,1,0,0,1,0,1,0,1,1,0,0,1,0,1,0,0,1,0,1,0,1,0,1,1,0,0,0,1,1,1,1,0,1,1,1,1,1,1,0,1,1,1,0,1,1,1,1,0,1,1,1,1,0,0,1,1,0,1,0,1,1,1,1,1,1,1,1
2220,0,0,1,0,0,0,0,0,0,1,1,0,0,0,0,0,0,0,0,0,1923,2023,1,1,1,1,1,0,1,0,0,0,1,0,1,1,0,1,1,0,1,0,0,1,1,1,1,1,1,1,1,1,0,0,1,0,0,0,1,0,0,0,1,0,1,0,1,0,1,0,0,1,0,1,0,1,0,1,0,0,0,0,1,1,1,1,1,1,1,1,1,0,1,1,1,0,1,0,0,1,1,1,1,1,1,1,1,1,0,1,1,0,1,0,1,1,1,1,1,1,1,1
2225,0,0,0,0,0,0,0,0,0,1,0,0,0,1,0,0,0,0,0,0,700,1100,1,1,1,1,1,0,1,0,0,1,1,0,1,1,1,1,1,1,1,0,0,1,1,0,1,1,1,1,1,0,0,0,1,0,0,0,1,1,1,1,1,1,0,0,1,0,0,0,0,1,0,1,0,0,0,1,1,0,0,0,0,1,0,0,0,1,0,1,1,1,1,0,1,0,1,0,0,0,1,0,1,0,0,1,0,0,1,0,1,0,1,0,1,1,1,1,1,0,0,0
2228,0,0,0,0,0,0,0,0,0,0,1,0,0,0,0,0,0,0,0,0,1972,2024,1,1,1,1,0,1,1,0,0,0,1,1,0,1,1,1,1,0,1,1,0,1,0,1,1,1,1,1,1,1,0,0,1,1,0,0,1,0,1,1,1,0,0,1,0,0,1,0,0,1,0,1,0,1,0,1,1,0,0,0,1,1,1,1,1,1,1,1,1,1,1,0,1,1,1,0,1,0,1,1,0,1,1,1,1,1,0,1,1,1,1,1,1,1,1,1,1,1,1,1
2232,0,0,0,0,0,0,0,0,0,0,0,0,0,1,0,0,0,0,0,0,1350,1500,1,0,1,1,0,0,1,0,0,1,1,0,0,1,0,1,1,0,1,1,0,1,0,1,1,1,1,1,1,1,0,0,1,0,0,0,1,0,1,0,1,0,0,0,0,0,1,0,0,1,0,1,0,0,0,0,0,0,0,0,0,1,1,1,0,1,0,1,1,1,1,0,0,1,1,0,0,0,1,0,1,0,1,0,0,0,0,0,0,0,1,0,1,0,1,0,1,1,1,1
2233,1,1,0,0,0,0,0,0,0,0,0,0,1,0,0,0,0,0,0,0,1734,2024,1,0,1,1,0,0,1,1,0,0,1,0,1,1,1,1,1,1,1,1,1,1,0,1,1,1,1,1,1,1,1,0,1,0,0,0,1,1,1,0,1,0,1,0,0,0,1,0,0,1,0,0,0,1,0,1,1,0,1,0,0,0,0,0,0,0,0,0,1,0,0,0,0,0,0,0,0,0,0,0,0,1,0,0,0,0,0,0,1,0,0,0,0,1,0,1,1,1,1,1
2237,0,0,0,1,0,0,0,0,0,0,0,0,0,1,0,0,0,0,0,0,1217,2024,1,1,1,1,1,0,1,1,1,0,1,0,1,1,1,1,1,0,1,1,0,1,0,0,1,1,1,1,1,0,0,0,1,0,0,0,1,0,1,0,1,1,0,0,1,0,0,0,0,1,0,1,0,0,0,1,1,1,1,0,0,1,1,1,1,1,0,1,1,1,1,0,0,0,1,0,0,0,1,0,1,0,1,0,1,0,0,0,0,0,1,0,1,1,0,0,1,1,0,1
2238,0,0,1,0,1,0,0,0,0,1,1,0,0,0,0,0,0,0,0,0,1700,2000,1,1,1,0,1,0,1,0,1,1,1,0,0,1,1,1,1,0,1,0,0,1,1,1,1,1,1,0,1,1,0,0,1,0,0,0,1,1,1,0,1,0,0,0,0,0,1,0,0,0,0,1,0,0,0,1,0,0,0,0,1,1,1,1,1,1,0,1,1,1,0,0,0,1,0,0,1,0,1,1,0,0,1,1,1,0,0,0,0,0,1,0,1,0,0,0,1,1,1,1
2240,0,0,0,0,0,0,0,0,0,0,0,0,0,0,0,0,1,0,0,0,900,1532,1,0,0,0,0,1,1,1,1,1,1,1,1,0,1,1,0,0,1,1,0,1,1,1,1,1,1,1,1,1,1,0,1,1,0,1,1,1,1,0,1,0,0,0,0,0,1,0,0,0,0,1,0,1,0,0,1,0,0,0,1,1,1,0,0,1,0,1,1,0,1,0,1,1,0,0,1,0,1,1,0,1,1,1,1,0,0,1,0,0,0,0,0,1,1,0,1,1,1,1
2243,0,0,1,0,1,0,0,0,0,0,0,1,0,0,0,0,0,0,0,0,700,2024,1,0,1,0,1,0,1,0,1,1,1,0,1,1,1,1,0,0,1,1,0,1,1,1,1,1,1,1,1,1,0,0,1,0,0,0,1,1,1,0,1,0,0,0,1,0,0,0,1,1,0,1,0,0,0,0,1,0,0,0,1,1,1,1,0,0,0,1,1,0,1,0,0,1,0,0,0,0,1,1,1,0,0,1,0,0,0,1,0,0,1,0,1,0,0,0,1,1,1,1
2244,0,0,0,1,0,0,0,0,0,0,0,0,0,1,0,0,0,0,0,0,1204,1261,1,1,1,1,1,0,1,1,1,0,1,0,1,1,1,1,1,0,1,1,0,1,1,0,1,1,1,1,1,0,0,0,1,0,0,0,1,0,1,0,1,1,0,0,1,0,1,0,0,1,0,1,0,1,0,1,1,0,1,0,1,1,1,1,1,1,0,1,1,1,1,1,1,1,1,0,0,0,1,0,1,0,0,0,0,0,1,0,0,0,1,0,1,1,1,0,1,0,0,0
2245,0,0,1,0,1,0,0,0,0,0,0,0,0,1,0,0,0,0,0,0,652,1240,1,1,1,1,1,1,1,1,1,1,1,1,1,1,1,1,1,0,1,1,0,1,1,1,1,1,1,1,1,1,1,0,1,0,0,0,1,0,0,1,1,1,1,1,0,0,0,1,0,1,0,0,0,1,0,1,0,0,0,0,0,0,0,0,1,0,1,0,1,1,1,1,1,0,1,1,1,1,0,0,1,1,0,0,0,1,0,0,1,1,1,1,0,1,1,1,1,1,1,1
2246,0,0,1,0,0,0,0,0,0,0,1,0,0,0,0,0,0,0,0,0,819,1957,1,1,1,1,1,1,1,0,1,1,1,1,0,1,1,1,1,0,1,1,0,1,1,1,1,1,1,1,1,1,1,0,1,0,0,0,1,1,0,1,1,0,0,0,1,0,0,1,0,0,0,0,0,1,0,1,1,0,0,0,1,1,1,1,1,1,0,1,1,1,1,1,1,1,1,0,1,0,1,1,0,1,1,1,1,1,0,1,1,0,1,0,0,1,0,1,1,1,1,1
2247,0,0,1,0,0,0,0,0,0,0,1,0,0,0,0,0,0,0,0,0,647,712,1,1,1,1,1,1,1,1,1,1,1,1,1,1,1,1,1,0,0,1,0,1,1,1,1,1,1,1,1,1,1,0,1,0,0,0,0,0,1,1,1,1,1,1,1,0,0,1,0,1,0,0,0,1,0,1,0,0,0,0,1,1,0,0,1,0,0,0,1,1,0,1,1,0,1,1,1,1,0,1,1,1,0,0,0,1,0,0,1,1,1,1,0,1,1,1,1,1,1,1
2248,0,0,1,0,0,0,0,0,0,0,1,0,0,0,0,0,0,0,0,0,1631,1702,1,1,1,1,1,1,1,1,1,1,1,1,1,1,1,1,1,0,0,1,0,1,1,1,1,1,1,1,1,1,1,0,1,0,0,0,0,1,0,1,1,0,0,1,1,0,1,0,0,1,0,0,0,1,0,1,1,0,0,0,0,0,0,0,1,0,1,0,1,0,0,1,1,0,1,1,1,1,0,0,1,1,0,0,0,1,0,0,1,1,1,1,0,1,1,1,1,1,1,1
2255,0,0,0,0,1,0,0,0,0,0,0,1,0,0,0,0,0,0,0,0,1340,2024,1,0,1,0,0,0,1,0,1,1,1,0,1,1,0,1,0,0,0,0,0,1,1,1,1,1,1,1,1,1,0,0,0,0,0,0,0,0,1,0,1,0,0,0,1,0,0,0,1,1,0,0,0,0,0,1,1,0,0,0,1,1,1,1,0,1,0,1,1,1,1,0,0,1,0,0,1,0,1,1,1,1,1,1,1,0,1,1,1,0,1,0,1,1,0,0,1,1,1,1
2256,0,0,1,0,1,0,0,0,0,1,1,0,0,0,0,0,0,0,0,0,1700,2000,1,0,1,0,0,0,1,0,0,0,1,1,1,1,1,1,1,0,1,0,0,1,1,1,1,1,1,1,1,1,0,0,1,1,0,0,1,1,1,0,1,0,0,0,0,0,1,0,0,1,0,1,0,0,0,1,0,0,0,0,1,1,1,1,0,1,0,1,1,1,1,0,0,1,0,0,1,0,1,1,0,0,1,1,1,0,0,1,0,0,1,0,1,0,0,0,1,1,1,1
2264,0,0,0,0,0,0,0,0,0,0,0,0,0,1,0,0,0,0,0,0,1560,1720,1,1,1,0,1,0,1,0,1,1,1,0,1,1,1,1,1,1,1,0,0,1,0,1,1,1,1,1,1,1,0,1,1,1,1,0,1,0,1,0,1,0,1,1,0,0,1,1,0,1,0,1,0,1,0,1,1,0,0,0,0,1,0,1,1,0,1,1,1,1,1,1,1,0,1,1,0,0,1,0,1,1,0,0,0,1,0,0,1,1,1,1,1,1,1,1,1,1,1,1
2266,1,0,0,0,0,0,0,0,0,0,0,0,1,0,0,0,0,0,0,0,-571,343,0,0,1,1,0,0,0,0,0,0,0,0,1,1,0,0,0,1,0,0,0,0,0,0,0,0,0,0,0,0,0,0,0,0,0,0,0,0,0,0,0,0,0,0,0,0,0,0,0,0,0,0,0,0,0,0,0,0,0,0,0,0,0,0,0,0,0,0,0,0,0,0,1,0,0,0,0,0,0,0,0,0,0,0,0,0,0,0,0,0,0,0,0,0,0,0,0,0,0,0
2271,0,0,0,0,0,0,0,0,0,0,1,0,0,0,0,0,0,0,0,0,1964,2024,1,1,1,0,1,1,1,0,0,1,1,0,0,1,1,1,1,0,1,1,0,1,0,1,1,1,1,1,1,1,0,0,1,0,0,0,1,1,1,0,1,0,0,0,0,0,0,0,0,1,0,1,0,1,0,0,0,0,0,0,0,1,1,1,0,1,0,1,1,1,1,0,0,1,0,0,0,0,1,0,0,0,0,0,0,0,0,0,0,0,1,0,1,1,0,0,1,1,0,1
2273,1,0,0,0,0,0,0,0,0,0,0,0,1,0,0,0,0,0,0,0,1291,1368,1,0,1,0,0,0,0,0,1,0,1,0,0,1,1,0,1,0,1,1,0,0,0,1,1,1,0,1,1,0,1,0,1,0,0,0,0,0,0,0,1,1,0,0,0,0,0,0,0,1,0,0,0,0,0,0,0,0,0,0,0,0,1,0,0,0,0,1,1,1,1,0,0,0,0,0,1,0,1,0,0,0,0,0,0,0,0,0,0,0,1,0,0,1,0,0,1,1,1,1
2274,0,0,0,0,0,0,0,0,1,0,1,0,0,0,0,0,0,0,0,0,1920,2023,1,0,1,0,0,1,1,1,0,0,1,1,1,1,0,1,0,1,1,1,1,1,1,1,1,1,1,1,1,1,1,0,1,1,0,1,1,1,0,0,1,0,1,0,0,0,1,0,0,1,0,1,0,1,0,0,0,0,0,0,1,1,1,1,0,1,0,1,1,1,1,0,1,1,1,0,0,0,1,0,0,0,0,0,0,0,0,0,0,0,1,0,1,0,1,0,1,1,1,1
2276,1,0,0,0,0,0,0,0,0,0,0,0,1,0,0,0,0,0,0,0,-1045,-771,1,0,1,1,1,1,1,1,1,1,1,1,1,1,0,1,0,1,1,1,1,1,1,1,1,1,1,1,0,1,1,0,1,0,0,1,1,1,0,1,1,1,1,1,1,1,1,0,0,1,0,1,0,0,0,1,0,0,1,0,1,1,1,1,1,1,1,1,1,1,1,1,1,1,0,1,1,1,1,1,1,1,1,1,1,1,1,1,1,1,1,1,1,1,1,1,0,1,1,1
2278,0,0,1,0,1,0,0,0,0,1,1,0,0,0,0,0,0,0,0,0,1700,2024,1,1,1,0,1,0,1,0,0,0,1,0,0,1,1,1,1,0,0,0,0,1,1,1,1,1,1,0,1,1,0,0,1,1,0,0,0,0,1,0,1,0,0,0,0,0,1,0,0,1,0,1,0,0,0,1,0,0,0,0,1,1,1,1,0,1,0,1,1,1,1,0,0,1,0,0,1,0,1,1,0,0,1,1,1,0,0,1,0,0,1,0,1,1,0,0,1,1,1,1
2279,0,0,0,0,0,0,0,0,1,0,1,0,0,0,0,0,0,0,0,0,1890,2024,1,0,1,0,0,0,0,1,0,0,1,0,1,1,0,1,0,0,1,0,1,1,1,0,1,1,1,0,1,0,1,0,0,0,0,0,1,1,0,0,1,0,0,0,0,0,0,0,0,0,0,0,1,0,0,0,0,0,0,0,0,1,1,1,1,1,0,1,1,1,0,0,1,1,0,0,1,0,1,0,0,0,1,0,1,1,0,0,0,0,1,0,1,1,0,0,1,0,0,0
2283,1,0,0,0,0,0,0,0,0,0,0,0,1,0,0,0,0,0,0,0,283,364,1,0,0,0,0,0,0,0,0,0,1,0,0,0,0,0,0,0,0,1,1,1,0,0,1,1,0,0,0,0,0,0,0,0,0,0,0,0,0,0,0,0,0,0,0,0,0,0,0,0,0,0,0,0,0,0,0,0,0,0,0,1,0,0,0,0,0,0,1,1,0,0,0,0,0,0,0,0,0,0,0,0,0,0,0,0,0,0,0,0,0,0,0,1,0,0,0,0,0,0
2284,0,0,0,0,0,0,0,0,0,0,0,0,0,0,1,0,0,0,0,0,1300,1522,1,0,0,0,1,1,1,1,1,1,1,1,1,0,1,1,0,0,1,1,0,1,1,1,1,1,1,0,1,1,1,0,1,1,0,1,0,0,0,0,1,0,0,0,0,1,1,0,0,1,1,1,0,1,1,1,1,0,0,1,1,1,1,1,1,1,0,1,1,1,1,1,0,1,1,1,1,0,1,1,1,1,0,1,1,1,0,1,0,1,0,1,0,1,0,0,1,1,1,1
2286,0,0,0,0,0,0,0,0,0,0,0,0,0,0,0,0,1,0,0,0,-3500,-1300,0,0,0,0,0,1,0,1,0,0,0,1,1,0,0,0,0,0,1,1,0,0,1,1,1,0,0,0,1,1,1,0,1,1,0,1,1,1,0,0,1,1,0,0,1,0,0,0,0,1,0,0,0,0,0,0,1,0,0,0,0,0,0,0,0,0,0,0,0,0,0,0,1,0,0,0,0,0,0,0,0,0,0,0,0,0,1,0,0,1,0,0,0,1,0,0,1,1,1,1
2290,0,0,1,0,1,0,0,0,0,1,1,0,0,0,0,0,0,0,0,0,1200,2024,1,1,1,0,0,0,1,0,0,0,1,0,0,1,1,1,1,0,1,0,0,1,0,1,1,1,1,1,1,1,0,0,1,1,0,0,1,1,1,0,1,0,0,0,0,0,1,0,0,1,0,1,0,0,0,1,0,0,0,0,1,1,1,1,0,1,0,1,1,1,1,0,0,1,0,0,1,0,1,1,0,0,1,1,1,0,0,1,0,0,1,0,0,1,0,0,1,1,1,1
2297,0,0,0,1,0,0,0,0,0,0,0,0,0,1,0,0,0,0,0,0,1173,1699,0,0,1,1,1,0,1,0,0,1,1,0,0,1,1,1,0,0,1,1,0,1,0,1,1,1,1,1,1,1,0,0,1,1,0,0,1,0,1,1,1,0,0,1,1,0,1,1,0,1,0,0,0,1,0,1,1,1,1,0,1,0,1,1,0,1,0,1,1,0,1,1,0,1,0,0,1,0,1,1,0,0,1,0,1,0,0,1,0,1,0,0,0,1,0,0,1,1,0,1
2299,0,0,1,0,1,0,0,0,0,1,0,0,0,0,0,0,0,0,0,1,1100,1300,1,1,1,0,1,1,1,0,1,0,1,1,1,1,1,1,1,0,0,0,1,1,1,1,1,1,1,0,1,1,0,0,1,1,0,0,0,1,1,0,1,0,0,1,0,0,0,0,0,1,0,0,0,0,0,1,0,0,1,0,0,0,0,0,0,0,0,0,0,0,0,0,0,0,1,1,0,0,0,0,0,0,0,0,0,0,0,0,0,1,0,1,0,1,0,0,1,1,1,1
2301,0,0,1,0,0,0,0,0,0,1,0,0,0,1,0,0,0,0,0,0,1600,2024,0,1,1,1,1,1,1,0,0,1,1,1,0,1,1,1,1,0,0,0,0,1,1,1,1,1,1,0,1,1,0,0,1,0,0,0,0,0,1,1,1,1,1,0,1,0,1,1,0,1,1,0,0,1,0,1,1,0,0,1,0,0,0,0,1,1,0,1,1,1,0,1,1,0,1,0,1,0,1,0,0,1,0,0,0,1,1,0,1,0,1,0,1,1,0,1,1,1,1,1
2308,0,0,1,0,0,0,0,0,0,0,0,0,0,1,0,0,0,0,0,0,711,726,1,1,1,1,1,1,1,1,1,1,1,1,1,1,1,1,1,0,1,1,0,1,1,1,1,1,1,1,1,1,1,0,1,0,0,0,1,1,0,1,1,1,1,1,1,1,1,1,0,1,0,0,0,1,0,1,0,0,0,0,0,0,0,0,1,0,1,0,1,0,0,1,1,0,1,1,0,1,0,0,1,1,0,0,0,1,0,0,1,1,1,1,0,1,1,1,1,1,1,1
2309,0,0,1,0,0,0,0,0,0,0,0,0,0,1,0,0,0,0,0,0,756,1031,1,1,1,1,1,1,1,1,1,1,1,1,1,1,1,1,1,0,1,1,0,1,1,1,1,1,1,1,1,1,1,0,1,0,0,0,1,1,0,1,1,1,1,1,1,1,1,1,0,1,0,0,0,1,0,1,0,0,0,0,0,0,0,0,1,0,1,0,1,1,0,1,1,0,1,1,1,1,0,1,1,1,0,0,0,1,0,0,1,1,1,1,0,1,1,1,1,1,1,1
2312,0,0,0,0,0,0,0,0,1,0,1,0,0,0,0,0,0,0,0,0,-1800,2024,1,1,0,0,0,1,1,1,1,1,1,1,1,0,0,1,0,0,1,1,1,1,1,1,1,1,1,1,1,1,1,0,1,1,1,1,1,1,1,1,1,0,0,0,1,0,1,0,0,1,0,1,0,1,0,1,1,0,1,0,1,1,1,1,1,1,1,1,1,1,1,1,1,1,1,0,1,0,1,1,0,1,1,1,1,1,1,1,1,1,1,1,1,1,1,1,1,1,1,1
2313,0,0,0,0,0,0,0,0,0,1,0,1,0,0,0,0,0,0,0,0,600,2024,1,1,1,1,0,0,1,0,0,0,1,0,0,1,1,1,0,0,1,0,0,1,1,1,1,1,1,0,1,1,0,0,0,0,0,0,1,0,1,0,1,0,0,0,1,0,0,0,1,1,0,0,0,0,0,0,1,0,0,0,1,1,1,1,0,1,0,1,1,1,1,0,0,1,0,0,1,0,1,1,0,0,1,1,1,0,1,1,0,0,0,0,1,1,0,0,1,1,1,1
2320,0,1,0,0,0,0,0,0,0,0,0,0,1,0,0,0,0,0,0,0,500,800,1,1,1,0,0,1,1,1,0,0,1,1,0,1,1,1,1,0,1,1,1,1,1,1,1,1,1,1,1,1,0,0,1,0,0,0,1,1,1,1,1,1,1,0,1,0,1,0,0,1,0,1,0,0,0,1,1,1,1,0,1,0,1,1,1,1,0,1,1,1,1,0,0,1,1,0,0,0,1,1,0,1,0,0,0,1,0,1,1,1,1,1,1,1,0,1,1,1,1,1
2321,1,1,0,0,0,0,0,0,0,0,0,0,1,0,0,0,0,0,0,0,1992,2024,0,0,1,0,0,0,0,0,0,0,0,0,0,1,0,1,1,0,0,1,1,1,0,1,1,1,1,1,0,1,0,0,1,0,0,0,0,1,0,0,1,0,0,1,0,0,0,1,0,0,0,0,0,0,0,1,0,0,0,0,0,0,0,0,0,0,0,0,0,0,0,0,0,0,0,0,0,0,0,0,0,0,0,0,0,0,0,0,0,0,0,0,0,0,0,0,0,1,1,1
2322,0,0,1,0,0,0,0,0,0,0,0,0,0,0,0,0,0,0,0,1,661,750,1,1,1,1,1,1,1,0,1,1,1,1,0,1,1,1,1,0,1,1,0,0,0,1,1,1,0,1,1,1,1,0,1,0,0,0,1,0,0,1,1,1,1,1,1,0,0,1,0,1,0,0,0,1,0,1,1,0,0,0,0,0,0,0,1,0,1,0,1,0,0,1,1,0,1,1,0,1,0,1,1,1,0,0,0,1,0,0,1,1,0,1,0,1,1,1,1,1,1,1
2324,0,0,1,0,1,0,0,0,0,0,1,0,0,0,0,0,0,0,0,0,1970,2024,1,0,1,1,1,1,1,0,0,0,1,1,1,1,1,1,1,0,1,0,0,0,1,1,1,1,0,0,1,1,0,0,0,0,0,0,1,0,0,0,1,1,1,0,0,0,1,0,0,1,0,1,0,1,0,1,1,0,0,0,1,1,1,1,0,1,0,1,1,1,1,0,0,1,1,0,1,0,1,1,0,1,1,1,1,0,0,1,1,1,1,0,1,1,0,0,1,1,1,1
2325,1,0,0,0,0,0,0,0,0,0,0,0,1,0,0,0,0,0,0,0,-200,900,1,0,1,1,0,1,1,1,1,0,1,0,0,1,0,1,1,0,1,1,0,1,0,1,1,1,1,1,1,1,1,0,1,1,1,0,1,1,0,1,1,0,0,1,0,0,1,1,0,1,0,0,0,0,0,1,0,0,0,0,0,0,0,0,0,0,0,0,1,1,0,0,0,0,0,0,0,0,0,0,0,0,0,0,0,0,0,0,0,0,1,0,0,0,0,0,1,1,1,1
2327,0,0,0,0,0,0,0,0,1,0,1,0,0,0,0,0,0,0,0,0,1900,2024,1,0,1,1,0,1,1,1,0,0,1,1,1,1,1,1,0,0,1,1,0,1,1,1,1,1,1,1,1,1,1,0,1,0,0,0,1,1,0,1,1,0,0,0,1,0,1,0,0,1,0,1,0,1,0,1,1,0,0,0,1,1,1,1,0,1,0,1,1,1,1,0,1,1,1,0,0,0,1,0,0,0,0,0,0,0,0,0,0,0,1,0,1,1,0,0,1,1,1,1
2328,1,0,0,1,0,0,0,0,0,0,0,0,1,0,0,0,0,0,0,0,1991,2024,1,1,1,1,0,0,1,0,0,0,1,0,0,1,1,1,1,0,1,1,0,1,0,1,1,1,1,1,1,1,0,0,1,0,0,0,1,0,1,0,1,0,1,0,0,0,0,1,0,1,0,0,0,1,0,0,0,0,0,0,0,0,0,0,0,0,0,0,0,0,0,0,0,0,0,0,0,0,0,0,0,0,0,0,0,0,0,0,0,0,0,0,0,0,1,0,1,1,1,1
2329,0,0,0,0,0,0,0,0,0,0,0,0,0,0,0,0,0,0,1,0,1937,2024,1,0,1,1,1,1,1,1,1,1,1,1,1,1,1,1,1,1,1,1,1,1,1,1,1,1,1,1,1,1,1,0,1,1,0,0,1,1,1,0,1,1,1,1,1,0,1,0,0,1,0,1,0,0,0,1,0,0,1,0,1,0,1,1,1,1,1,1,1,1,1,1,1,1,1,1,0,1,1,1,1,1,1,1,1,0,1,1,1,1,1,0,1,1,1,1,1,1,1,1
2330,0,0,0,0,0,0,0,0,0,0,1,0,0,0,0,0,0,0,0,0,1893,2024,1,0,1,1,0,0,1,0,0,0,1,0,1,1,1,1,1,0,1,1,0,1,1,1,1,1,1,1,1,1,1,0,1,1,0,0,1,1,0,0,1,0,1,0,0,0,1,0,0,1,0,1,0,1,0,1,1,0,1,0,1,1,1,1,0,1,0,1,1,0,1,0,1,1,1,0,1,0,1,1,0,0,1,0,1,0,0,0,0,0,1,0,1,1,1,0,1,1,1,1
2331,0,0,1,0,1,0,0,0,0,0,0,0,0,0,0,0,0,0,0,1,750,1517,1,1,1,1,1,1,1,0,1,1,1,1,1,1,1,1,1,0,1,1,0,1,0,1,1,1,1,1,1,1,0,0,1,0,0,0,1,0,0,1,1,0,0,1,1,0,0,1,0,1,0,0,0,1,0,1,1,0,0,0,0,1,0,0,1,0,1,1,1,1,0,1,1,0,1,1,0,1,0,0,1,1,0,0,1,1,1,0,1,1,0,1,0,1,1,1,1,1,1,1
2333,0,1,0,0,0,0,0,0,0,0,1,0,0,0,0,0,0,0,0,0,1930,2024,1,0,1,1,0,0,1,1,1,0,1,0,1,1,1,1,1,0,1,1,1,1,1,0,1,1,1,0,0,0,0,0,1,0,0,0,1,1,0,0,1,0,0,0,0,0,1,0,0,1,0,1,0,0,0,0,0,0,0,0,1,1,1,1,1,1,1,1,1,1,1,0,0,1,1,0,0,0,1,0,1,1,1,1,1,0,0,0,0,0,1,0,1,1,0,0,0,0,0,0
2335,0,0,0,0,0,0,0,0,0,0,1,0,0,0,0,0,0,0,0,0,1914,2024,1,1,1,1,1,1,1,0,0,0,1,1,1,1,1,1,1,0,1,1,0,1,1,1,1,1,1,1,1,1,0,0,1,0,0,0,1,0,0,0,1,1,1,0,1,0,1,0,0,1,0,1,0,1,0,1,1,0,0,0,1,1,1,1,0,1,0,1,1,1,1,0,1,1,1,0,1,0,1,1,0,1,0,0,0,0,0,1,1,0,1,0,1,1,1,0,1,1,1,1
2337,0,0,0,0,0,0,0,0,0,0,0,0,0,0,0,0,1,0,0,0,1350,1533,1,0,0,0,0,1,1,1,1,0,1,1,1,0,0,1,1,0,1,1,0,0,1,0,1,1,0,1,1,0,1,0,1,1,0,0,1,0,0,0,1,0,0,0,0,0,0,0,0,1,0,1,0,1,0,0,1,1,0,0,1,1,1,0,0,1,0,0,1,0,1,0,0,1,1,0,1,0,0,1,1,0,1,1,1,0,0,1,0,0,0,0,0,1,1,0,1,1,1,1
2339,0,0,0,0,0,0,0,0,0,0,1,0,0,0,0,0,0,0,0,0,1100,2024,1,0,0,1,0,1,1,1,0,0,1,1,1,1,1,1,0,1,1,1,1,1,1,1,1,1,1,1,1,1,1,0,1,1,0,1,1,1,0,1,1,1,0,0,1,0,1,0,0,1,0,1,0,1,0,1,0,0,0,0,1,1,1,1,1,1,0,1,1,1,1,0,1,1,0,0,0,0,1,0,1,0,0,0,1,0,0,1,0,0,1,0,1,1,0,0,1,1,1,1
2345,0,1,0,0,0,0,0,0,0,0,0,0,1,0,0,0,0,0,0,0,1950,2024,1,1,1,1,0,1,1,1,1,0,1,1,1,1,1,1,1,0,0,1,1,0,1,1,1,1,0,0,1,1,1,0,1,0,0,0,0,1,0,1,1,0,0,1,1,0,0,0,0,1,1,0,0,0,0,1,1,0,1,0,1,1,1,1,0,1,0,1,1,1,1,0,1,0,1,0,1,0,1,1,1,1,1,1,1,0,0,1,1,1,1,1,1,1,0,1,1,1,1,1
2346,0,0,0,0,0,0,0,0,0,0,1,0,0,0,0,0,0,0,0,0,1800,2024,1,1,0,0,0,1,1,1,0,0,1,1,1,0,1,1,0,0,1,1,1,1,1,1,1,1,1,1,1,1,1,0,1,1,1,1,1,0,0,1,1,0,0,1,1,0,1,0,0,1,0,1,0,0,0,1,0,1,0,0,0,0,0,0,0,0,0,0,1,0,1,1,1,0,1,0,0,0,0,0,1,0,0,0,0,1,0,0,0,0,1,1,0,1,1,0,1,1,1,1
2347,0,0,0,0,0,0,0,0,0,0,1,0,0,0,0,0,0,0,0,0,1222,2023,1,0,1,1,0,1,1,1,0,0,1,1,1,1,1,1,1,0,1,1,1,1,1,0,1,1,1,0,0,0,0,0,1,0,0,0,1,1,0,0,1,0,0,0,0,0,1,0,0,1,0,1,0,0,0,1,1,0,0,0,1,1,1,1,1,1,1,1,1,1,1,0,1,1,1,0,1,0,1,0,1,1,1,1,1,0,0,0,1,0,1,0,1,1,0,1,0,0,0,0
2348,0,0,0,0,0,0,0,0,0,1,0,0,0,0,0,0,0,0,0,1,-1200,-500,1,0,1,1,1,1,1,1,1,1,1,1,1,1,1,1,0,1,1,1,0,1,1,1,1,1,1,1,1,1,1,0,1,1,0,0,1,1,1,0,1,1,1,0,1,0,1,0,0,1,0,1,0,0,0,1,0,0,1,0,1,1,1,0,1,1,0,1,1,0,1,1,1,1,1,0,1,0,1,1,1,0,0,0,0,1,1,1,0,0,0,1,0,1,1,0,1,1,1,1
2349,0,0,0,0,0,0,0,0,0,0,1,0,0,0,0,0,0,0,0,0,1738,2024,1,0,1,0,0,0,1,0,0,0,1,0,1,1,1,1,1,0,1,1,0,1,1,1,1,1,1,1,1,0,0,0,1,0,1,0,1,0,1,0,1,0,0,1,1,0,0,0,0,1,0,1,0,1,0,1,1,0,1,0,1,1,1,1,1,1,1,1,1,0,1,0,0,1,1,0,1,0,1,1,1,1,1,1,1,0,0,1,1,1,1,0,1,1,1,0,1,1,1,1
2353,0,1,0,0,0,0,0,0,0,0,0,0,1,0,0,0,0,0,0,0,1617,1868,1,0,1,0,0,1,1,1,1,0,1,1,1,1,1,1,0,1,0,1,1,1,0,0,1,1,1,1,0,0,0,0,1,0,0,0,0,1,0,0,0,0,0,0,0,0,0,0,0,1,0,0,0,0,0,0,0,0,0,0,0,1,1,0,0,0,0,1,1,1,0,0,0,0,0,0,1,0,1,0,0,0,1,0,1,0,0,0,0,0,1,0,1,1,0,0,0,0,0,0
2360,0,0,0,0,0,0,0,0,0,0,0,0,0,0,1,0,0,0,0,0,600,1200,0,0,1,1,1,1,1,1,1,1,1,1,1,1,1,1,0,1,1,1,1,1,1,1,1,1,1,1,1,1,1,0,1,0,0,1,0,1,0,1,1,1,1,1,1,1,1,0,0,1,0,1,1,1,1,1,1,0,0,1,0,0,0,0,1,0,1,0,1,0,0,1,1,0,1,1,0,0,0,0,1,1,0,0,0,1,1,0,0,1,0,1,0,1,1,0,1,1,1,1
2362,0,0,1,0,1,0,0,0,0,0,0,0,0,0,0,0,0,0,0,1,1037,1194,1,1,1,1,1,1,1,0,1,1,1,1,1,1,1,1,1,0,1,1,0,1,1,1,1,1,1,1,1,1,0,0,1,0,0,0,1,0,1,1,1,1,1,1,1,0,0,1,0,1,0,0,0,1,0,1,1,0,0,0,1,1,1,1,1,1,1,1,1,1,1,1,0,1,1,1,1,1,1,1,1,1,1,1,1,1,1,1,1,1,1,1,0,1,1,1,1,1,1,1
2363,0,0,1,0,1,0,0,0,0,0,1,0,0,0,0,0,0,0,0,0,1940,2024,1,1,1,0,1,1,1,0,0,1,1,0,0,1,1,1,1,0,1,1,0,1,0,1,1,1,1,1,1,1,0,1,1,1,0,0,1,1,1,0,0,0,1,0,0,0,1,0,0,1,0,1,0,0,0,1,0,0,0,0,1,1,1,1,0,1,0,1,1,1,1,0,0,1,1,0,1,0,1,1,0,1,1,1,1,0,0,1,0,0,1,0,0,1,0,0,1,1,1,1
2365,0,0,1,0,1,0,0,0,0,0,1,0,0,0,0,0,0,0,0,0,1502,1614,0,1,1,1,1,1,1,1,0,1,1,1,1,1,1,0,0,0,1,1,0,1,1,1,1,1,1,1,1,1,0,0,1,0,1,0,1,1,1,1,1,1,1,1,1,0,1,1,0,1,0,1,0,0,0,1,0,0,1,0,1,0,1,1,0,1,0,1,1,1,1,1,1,0,1,0,0,0,1,1,1,0,1,0,1,1,1,1,0,0,1,1,1,0,1,0,1,1,1,0
2366,0,0,1,0,0,0,0,0,0,1,1,0,0,0,0,0,0,0,0,0,1500,2024,1,1,1,1,1,1,1,0,0,1,1,1,1,1,1,1,1,0,1,0,0,1,1,1,1,1,1,1,1,1,0,0,0,0,0,0,1,0,1,1,0,1,1,1,1,0,1,1,0,1,0,1,0,0,0,1,1,0,0,0,1,1,1,1,0,0,1,1,1,1,1,1,0,0,1,1,1,1,1,1,0,1,0,1,0,1,0,1,1,0,1,1,0,1,1,1,1,0,0,0
2369,0,0,1,0,1,0,0,0,0,0,1,0,0,0,0,0,0,0,0,0,1787,1977,1,1,1,0,1,0,1,0,1,1,1,0,0,1,1,1,1,0,1,1,0,1,0,1,1,1,1,1,1,1,0,0,1,1,0,0,1,0,1,0,1,1,1,0,1,0,1,0,0,1,0,1,0,1,0,1,1,0,1,0,1,1,1,1,1,1,1,1,1,1,1,0,1,1,1,0,1,1,1,1,0,1,1,1,1,0,0,1,1,1,1,1,0,1,1,1,1,0,0,0
2371,0,0,0,0,0,1,0,0,0,0,0,0,0,0,1,0,0,0,0,0,1950,2020,1,1,0,0,1,0,0,1,1,0,1,1,1,0,1,1,0,0,1,1,1,1,1,1,1,1,1,1,0,1,1,0,1,0,0,0,1,1,0,0,1,1,1,0,0,0,1,0,0,1,0,1,0,1,0,1,0,0,0,0,1,1,1,1,1,1,0,1,1,1,1,1,1,1,1,1,1,1,1,0,0,1,1,1,1,1,0,1,1,1,1,1,1,1,1,1,0,1,1,1
