entry_id,year_from,year_to,log_area,region_africa,region_central_eurasia,region_east_asia,region_europe,region_north_america,region_oceania_australia,region_south_america,region_south_asia,region_southeast_asia,region_southwest_asia,X4654,X4676,X4729,X4745,X4776,X4780,X4794,X4827,X4828,X4954,X5132,X5137,X5196,X5220,X5226
174,50,160,12.14833263544963,0,0,0,0,0,0,0,0,0,1,1,1,1,0,1,1,1,1,1,1,0,0,0,0,0
190,1948,2015,11.101753317486192,0,0,0,0,0,0,0,1,0,0,1,1,1,1,0,1,1,1,1,1,0,0,0,1,0
200,1650,1850,14.641949401303044,0,0,1,0,0,0,0,1,1,0,1,1,1,1,1,1,1,1,0,1,0,0,1,0,0
211,-1350,-1320,3.4969587237557582,1,0,0,0,0,0,0,0,0,0,1,1,1,1,1,1,1,1,1,1,0,0,0,1,1
222,600,900,12.44373068756665,0,0,0,0,1,0,0,0,0,0,1,1,1,0,1,1,1,1,1,1,1,0,0,1,1
227,1980,2000,12.618793750308068,0,0,0,0,0,0,0,1,0,0,1,0,1,1,1,1,1,1,0,1,0,0,1,0,1
230,-3300,-539,13.747551191650604,0,0,0,0,0,0,0,0,0,1,1,1,0,1,1,1,1,1,1,1,0,0,0,0,1
263,2000,2015,11.278997766341146,0,0,0,1,0,0,0,0,0,0,1,1,1,1,1,1,0,1,1,1,0,0,0,0,1
284,-3500,2015,10.18009548661163,0,0,0,0,0,1,0,0,0,0,1,0,1,0,1,1,1,1,1,1,0,0,0,0,1
294,200,600,15.152366566601367,0,1,1,0,0,0,0,0,1,0,1,0,1,0,1,1,0,1,0,0,0,0,0,1,0
354,-330,-125,2.671367105148386,0,0,0,0,0,0,0,0,0,1,1,1,1,1,1,1,1,1,1,1,0,0,0,0,1
358,1500,1700,9.417084288589942,0,0,0,0,0,0,0,1,0,0,1,1,1,1,1,1,1,1,1,1,0,0,0,0,1
381,1469,1606,12.618793750308068,0,0,0,0,0,0,0,1,0,0,1,0,1,1,1,1,1,1,1,1,0,0,0,1,1
383,1200,1700,12.633804052534977,0,0,0,0,0,0,0,1,0,0,1,0,1,1,1,1,0,1,1,1,0,0,0,0,1
389,1840,1970,11.721786063022618,0,0,0,0,0,0,0,0,1,0,1,1,0,0,1,1,1,1,1,1,0,0,0,0,1
390,1610,2016,11.435317317107067,0,0,0,0,0,0,0,1,0,0,1,1,1,1,1,1,1,1,1,1,0,0,0,0,0
392,1606,1708,12.778677906262438,0,0,1,0,0,0,0,1,0,0,1,0,1,1,1,1,1,1,1,1,0,0,0,1,1
395,1966,2016,14.903570276058058,0,0,1,0,0,0,0,1,0,0,1,0,1,1,1,1,1,1,1,1,0,0,0,1,0
400,1980,2015,6.245383238702415,0,0,0,0,0,0,0,0,1,0,1,0,1,1,1,1,1,1,1,1,0,0,0,0,0
415,1970,2015,14.892168448455545,0,0,1,0,0,0,0,1,0,0,1,1,1,1,1,1,1,1,0,1,0,0,0,0,1
416,1800,1918,16.914856626025095,0,1,1,1,0,0,0,1,0,1,1,1,1,0,1,1,0,1,1,1,0,0,0,0,1
419,1970,2016,11.945715851695558,0,0,0,0,0,0,0,1,0,0,1,1,1,1,1,1,1,1,1,1,0,0,0,0,0
420,1800,2017,12.146589780990444,0,0,0,0,0,0,0,1,0,0,1,0,1,1,1,1,1,1,1,1,0,0,0,0,0
422,-1500,396,7.9188001643586,0,0,0,1,0,0,0,0,0,0,1,1,0,1,0,1,0,1,0,1,0,0,0,0,0
424,-550,-330,15.572864182032564,1,1,1,1,0,0,0,1,0,1,1,1,1,1,1,1,1,1,1,1,0,0,0,1,1
441,1690,2017,13.390484909055344,0,0,1,0,0,0,0,1,1,0,1,0,1,1,1,1,1,1,1,1,0,0,0,0,0
442,311,427,12.246901187073949,1,0,0,0,0,0,0,0,0,0,1,0,1,1,1,1,1,1,1,1,0,0,0,0,0
472,1110,2017,14.641949401303044,0,0,1,0,0,0,0,1,1,0,1,0,1,1,1,1,1,1,1,1,0,0,0,0,1
476,1000,2015,9.697367766147046,0,0,0,0,0,0,0,0,1,0,1,1,1,1,1,1,1,1,1,1,0,0,0,0,1
477,1833,1845,11.752226981680597,0,0,0,1,0,0,0,0,0,0,1,0,1,0,1,1,0,1,1,0,0,0,0,0,0
478,-450,1,15.234902616166844,0,1,1,0,0,0,0,1,0,1,1,1,1,1,1,1,1,1,0,1,0,0,0,0,0
483,2015,2016,9.559574801351728,0,0,0,1,0,0,0,0,0,0,1,0,1,1,1,1,1,1,1,1,0,0,0,0,0
484,2015,2016,9.559574801351728,0,0,0,1,0,0,0,0,0,0,1,0,1,0,1,1,1,1,1,1,0,0,0,0,0
485,500,1500,13.172792746768527,0,1,0,1,0,0,0,0,0,0,1,0,0,0,1,1,0,1,1,1,0,0,0,0,1
486,1820,2017,13.359215268823084,0,0,0,0,1,0,0,0,0,0,1,0,1,1,1,1,1,1,1,1,0,0,0,0,0
490,1260,1302,12.503311680926686,0,0,0,1,0,0,0,0,0,0,1,1,1,0,1,1,1,1,1,0,0,0,0,0,0
492,-800,380,15.61588871140793,1,1,0,1,1,0,0,0,0,1,1,1,0,0,1,1,1,1,1,1,0,0,0,0,0
520,1600,2015,9.587313342411958,0,0,0,0,0,0,0,0,1,0,1,1,1,1,1,1,1,1,1,1,0,0,0,1,1
525,1951,2018,18.44972285343547,1,1,1,1,1,1,1,1,1,1,1,0,1,1,1,1,1,1,1,1,0,0,0,0,0
526,1900,2018,14.122336608432434,0,0,1,0,1,0,0,0,1,0,1,0,1,1,1,1,0,1,1,1,0,0,0,1,1
534,-42,518,15.463113061554482,1,1,0,1,1,0,0,0,0,1,1,1,0,1,1,1,0,1,1,1,0,0,0,1,1
562,1017,1445,11.826548667488137,0,0,0,0,0,0,0,1,0,0,1,1,1,0,1,1,1,1,1,1,0,0,0,1,1
563,1845,2018,10.300784085976405,0,0,0,0,0,0,0,1,0,0,1,0,1,0,1,1,1,1,1,1,0,0,0,0,1
564,1950,2018,13.532873798989389,0,0,1,0,0,0,0,1,1,0,1,0,1,1,1,1,0,1,1,1,0,0,0,1,0
570,1986,2018,15.588550506895832,0,1,1,0,1,0,0,0,1,0,1,0,1,0,1,1,0,1,1,1,0,0,0,0,0
576,1000,2018,11.487925774542338,0,0,0,0,0,0,0,0,1,0,1,0,0,0,1,1,1,1,1,1,0,0,0,0,1
586,1900,2017,8.883632011094976,0,0,0,0,0,0,0,0,1,0,1,0,0,1,1,1,1,1,0,1,0,0,0,0,1
592,11,12,12.16168113284794,0,0,0,0,0,0,0,1,0,0,1,0,1,1,1,1,1,1,1,1,0,0,0,0,0
597,-600,-200,14.41275907217123,0,0,1,0,0,0,0,0,0,0,1,0,1,1,1,1,0,1,1,1,0,0,0,1,0
607,-400,-200,14.41275907217123,0,0,1,0,0,0,0,0,0,0,1,0,0,0,1,1,0,1,1,1,0,0,0,0,0
614,1925,1960,10.150308968732912,1,0,0,0,0,0,0,0,0,0,1,0,0,0,1,1,1,1,1,1,0,0,0,0,1
623,1965,2018,15.860842504894643,0,0,0,0,1,0,0,0,0,0,1,0,1,1,1,1,1,1,1,1,0,0,0,0,0
624,1550,1640,12.914281500436855,0,0,0,0,0,0,0,1,0,0,1,1,1,0,1,1,1,1,1,1,0,0,0,1,1
627,1905,1935,2.3496825448704626,0,0,0,0,0,1,0,0,0,0,1,1,0,1,1,1,1,1,0,0,0,0,0,0,1
629,1200,2018,7.172281994924431,0,0,0,0,0,0,0,1,0,0,1,0,1,1,1,1,1,1,0,1,0,0,0,0,0
631,1879,1909,7.109422779667768,0,0,0,0,0,0,1,0,0,0,1,1,0,1,1,1,1,1,1,0,0,0,0,0,1
632,-650,-409,2.7141168597466967,0,0,0,1,0,0,0,0,0,0,1,1,1,1,1,1,1,1,1,1,0,0,0,0,0
633,1238,2018,13.75551740160734,0,0,0,0,0,0,0,1,0,0,1,0,1,0,1,1,1,1,1,1,0,0,0,0,0
635,1890,1920,8.59375525148435,0,0,0,0,0,0,0,0,1,0,1,1,0,0,1,1,1,1,0,1,0,0,0,0,1
637,1900,1924,9.117599614623728,0,0,0,0,0,0,1,0,0,0,1,0,0,0,1,1,1,1,1,1,0,0,0,0,1
639,716,900,5.572505787008397,0,0,1,0,0,0,0,0,0,0,1,1,1,1,0,1,1,1,1,1,0,0,0,1,1
645,1100,2020,8.954835531971522,0,0,0,0,0,0,0,1,0,0,1,0,1,1,0,1,0,1,1,0,0,0,0,0,1
646,1889,2018,9.959344210325522,0,0,0,0,1,0,0,0,0,0,1,0,1,0,1,1,1,1,0,1,0,0,0,1,0
649,700,2019,11.826548667488137,0,0,0,0,0,0,0,1,0,0,1,1,1,1,1,1,1,1,1,0,0,0,0,0,0
650,1918,1945,7.519769860432357,0,0,0,0,0,1,0,0,0,0,1,0,0,0,1,1,1,1,0,1,0,0,0,0,1
654,1198,1250,15.572798759376033,0,1,0,1,1,0,0,0,0,1,1,1,1,1,1,1,1,1,1,1,0,0,0,0,1
661,1113,1147,12.126039821751526,0,0,0,1,0,0,0,0,0,0,1,1,1,1,1,1,1,1,1,1,0,0,0,0,1
669,1900,1925,10.039912229490008,0,0,0,0,0,1,0,0,0,0,1,1,0,0,1,1,1,1,0,0,0,0,0,0,1
671,1820,1840,-1.9904287778440333,0,0,0,0,0,1,0,0,0,0,1,1,1,1,1,1,1,1,1,1,1,0,0,0,1
676,1198,1500,14.181319869441715,0,0,0,1,0,0,0,0,0,1,1,1,1,0,1,1,1,1,1,1,0,0,0,0,1
679,1915,1940,9.706628649566143,0,0,0,0,0,0,0,1,0,0,1,1,0,1,1,1,1,1,1,1,0,0,1,0,1
680,1850,2019,12.146589780990444,0,0,0,0,0,0,0,1,0,0,1,0,1,1,1,1,0,1,1,1,0,0,0,0,0
685,1940,1966,6.469772786421967,0,0,0,0,0,0,0,0,1,0,1,1,0,0,1,1,1,1,1,1,0,0,0,0,1
686,1915,1945,2.678532233866842,0,0,0,0,1,0,0,0,0,0,1,1,0,1,1,1,1,1,1,0,0,0,1,0,1
688,1866,2019,15.31779536744033,0,1,1,0,0,0,0,1,1,1,1,0,1,0,1,1,1,1,1,1,0,0,0,0,1
689,1869,1895,11.050091249281222,0,0,0,0,0,0,1,0,0,0,1,1,0,0,1,1,1,1,1,0,0,0,0,0,1
690,1880,2019,15.31779536744033,0,1,1,0,0,0,0,1,1,1,1,0,1,1,1,1,1,1,1,1,0,0,0,0,0
711,1912,1937,7.157201926450817,0,0,0,0,0,1,0,0,0,0,1,1,0,1,1,1,1,1,0,1,0,0,0,0,1
714,550,850,11.826548667488137,0,0,0,0,0,0,0,1,0,0,1,1,1,1,1,1,1,1,1,1,0,0,0,1,1
719,1845,2018,8.480638158390821,0,0,0,0,1,0,0,0,0,0,1,1,1,1,1,1,1,1,1,0,0,0,0,0,0
738,-3000,300,13.294462581719248,1,0,0,0,0,0,0,0,0,1,1,1,1,1,1,1,1,1,1,1,0,0,0,1,1
749,1800,2020,11.482034849644004,0,0,1,0,0,0,0,0,0,0,1,0,0,0,1,1,0,1,0,1,0,0,0,0,0
755,1850,2020,14.0663401170649,0,1,1,0,0,0,0,0,0,0,1,0,1,1,1,1,1,1,1,0,0,0,0,0,1
770,1920,2020,13.140774580202068,0,0,0,0,0,0,0,0,1,0,1,0,1,1,0,0,1,1,0,0,0,0,0,0,0
771,1762,2020,16.768675048171698,0,1,1,1,1,0,1,0,0,0,1,0,0,0,1,1,0,1,1,1,0,0,0,1,1
775,-900,2020,14.903570276058058,0,0,1,0,0,0,0,1,0,0,1,0,1,1,1,1,1,1,1,1,0,0,0,1,0
802,1945,2020,13.394049906150284,0,0,1,0,0,0,0,1,1,0,1,0,1,0,1,1,0,1,0,1,0,0,0,0,0
839,1788,1914,13.206687769480384,0,1,0,1,1,0,0,0,0,0,1,0,1,0,1,1,1,1,1,1,0,0,0,0,0
841,1073,2020,12.472615125311792,0,0,1,0,0,0,0,1,0,0,1,1,1,1,1,1,1,1,0,1,0,0,0,1,1
842,1730,2020,16.084396548017395,0,0,0,0,1,0,0,0,0,0,1,0,1,0,1,1,0,1,1,1,0,0,0,0,0
846,645,696,3.194932540955171,0,0,1,0,0,0,0,0,0,0,1,1,1,1,1,1,1,1,1,0,0,0,0,0,0
848,-200,70,10.334549851979684,0,0,0,0,0,0,0,0,0,1,1,1,1,1,0,0,1,1,1,0,0,0,0,0,0
849,1750,1850,10.632438974066076,0,0,0,0,1,0,0,0,0,0,1,0,1,0,1,1,0,1,1,1,0,0,0,0,0
851,1899,2020,15.921800488855492,0,0,0,0,1,0,0,0,0,0,1,0,1,1,1,1,1,1,1,1,0,0,0,1,1
854,-400,900,11.278997766341146,0,0,0,1,0,0,0,0,0,0,1,1,1,1,1,1,1,1,1,1,1,1,0,0,1
855,1900,2020,11.257065529509696,0,0,0,0,0,0,0,0,0,1,1,1,1,1,1,1,1,1,1,1,0,0,0,0,0
857,1738,2020,17.506340699345518,1,0,1,1,1,1,1,1,1,0,1,0,1,0,1,1,0,1,1,1,0,0,0,0,0
859,135,400,14.599749841844586,1,0,0,1,1,0,0,0,0,1,1,0,1,0,1,1,0,1,1,1,0,0,0,0,0
860,1704,1706,14.481841929168798,1,0,0,0,0,0,0,0,0,0,1,0,0,0,1,1,0,1,1,1,0,0,0,0,0
862,1907,2020,9.504860148337364,0,0,0,0,0,0,0,1,0,0,1,0,1,1,1,1,1,1,1,0,0,0,0,0,0
867,1200,1500,14.641949401303044,0,0,1,0,0,0,0,1,1,0,1,0,1,1,1,1,1,1,0,0,0,0,0,1,0
870,1990,2020,14.280894438267,0,1,1,0,0,0,0,0,0,0,1,0,1,1,1,1,1,1,1,1,0,0,0,1,0
871,1848,2020,16.689780282434956,0,1,0,1,1,0,0,0,0,0,1,0,0,0,1,1,0,1,1,0,0,0,0,0,0
873,1962,1993,3.795664144659529,0,0,0,0,1,0,0,0,0,0,1,0,1,0,1,1,0,1,1,1,0,0,0,0,0
877,1989,2022,18.44972285343547,1,1,1,1,1,1,1,1,1,1,1,0,1,1,1,1,1,1,1,0,0,0,0,0,0
879,1860,2020,17.915282894745282,1,1,1,1,1,0,1,1,1,1,1,0,1,0,1,1,0,1,1,1,0,0,0,0,0
882,-450,425,13.027422747845057,0,1,0,1,0,0,0,0,0,1,1,0,1,0,1,1,1,1,1,0,0,0,0,0,0
883,1949,2020,15.027386147354102,0,0,1,0,0,0,0,0,1,0,1,0,1,1,1,0,1,1,1,1,0,0,0,0,0
884,1907,2022,16.96857943642233,1,0,0,0,0,0,0,0,0,0,1,1,1,0,1,1,0,1,1,1,0,0,1,0,1
885,-1960,2022,12.16471410443827,1,0,0,0,0,0,0,0,0,0,1,0,1,1,1,1,1,1,1,1,0,0,0,1,1
886,1990,2020,12.967759252467877,0,0,0,1,0,0,0,1,0,0,1,0,1,0,1,1,1,1,1,1,0,0,0,0,1
887,1990,2020,14.272893406873632,0,1,1,0,0,0,0,0,0,0,1,0,0,0,1,1,1,1,1,1,0,0,0,0,1
891,1956,2020,14.304128551826611,0,0,0,0,1,0,1,0,0,0,1,0,1,1,1,1,1,1,1,1,0,0,1,0,1
892,1960,2020,15.921800488855492,0,0,0,0,1,0,0,0,0,0,1,0,1,0,1,1,0,1,1,1,0,0,0,0,0
893,100,400,10.395188497671215,1,0,0,1,0,0,0,0,0,1,1,0,1,0,1,1,0,1,1,0,0,0,0,0,1
894,1968,2020,16.778824014657385,0,0,0,0,1,0,0,0,0,0,1,1,1,0,1,1,0,1,1,1,0,0,0,0,0
896,800,1571,7.981644658512497,0,0,1,0,0,0,0,0,0,0,1,1,1,1,1,1,0,1,1,1,0,0,0,0,1
898,1930,2020,12.187886638384049,0,0,0,0,1,0,0,0,0,0,1,0,1,0,1,1,1,1,1,0,0,0,0,0,1
899,1926,2020,14.44014793921163,0,0,0,0,0,1,0,0,1,0,1,1,1,1,1,1,1,1,1,1,0,0,1,0,1
900,-150,70,10.334549851979684,0,0,0,0,0,0,0,0,0,1,1,1,1,1,1,1,1,1,1,0,0,0,0,0,1
908,1980,2020,17.15345299741625,1,1,1,1,0,0,0,1,0,1,1,0,1,0,1,1,0,1,1,1,0,0,0,0,0
910,1968,1998,16.799477269792263,0,0,0,0,1,0,1,0,0,0,1,0,1,0,1,1,0,1,1,1,0,0,0,0,1
914,1258,2020,15.804088565713414,1,0,0,1,0,0,0,0,0,1,1,1,1,0,1,1,1,1,1,0,0,0,0,0,0
915,2000,2020,9.478856670617692,0,0,0,0,1,0,0,0,0,0,1,0,1,0,1,1,0,1,1,1,0,0,0,0,1
919,1995,2020,10.92930639382485,0,0,0,1,0,0,0,0,0,0,1,1,1,1,1,1,0,1,1,1,0,0,0,0,0
921,1900,2020,13.185785233048655,0,0,0,0,0,0,0,1,0,0,1,1,1,0,1,1,1,1,1,1,0,0,0,1,1
925,220,650,10.287445030825578,0,0,0,0,0,0,0,0,0,1,1,1,1,1,1,1,1,1,1,1,0,0,0,1,1
926,842,2020,12.226049400067286,0,0,1,0,0,0,0,1,0,0,1,1,1,1,1,1,1,1,0,1,0,0,0,1,1
928,1860,1910,10.702772181419334,0,0,0,0,1,0,0,0,0,0,1,0,0,0,1,1,0,1,0,1,0,0,0,0,0
929,1143,2020,14.818917776267927,0,0,1,0,0,0,0,1,0,0,1,1,1,1,1,0,1,1,0,1,0,0,0,0,1
931,1580,2020,13.248133561542764,0,0,0,1,1,0,1,0,0,0,1,1,1,1,1,1,1,1,1,1,0,0,0,0,1
933,144,1000,15.733059778239564,1,1,0,1,1,0,0,1,0,1,1,0,1,0,1,1,0,1,1,1,0,0,0,0,0
934,1911,1940,14.275416983863844,0,1,1,0,0,0,0,0,0,0,1,1,1,1,1,1,1,1,0,1,0,0,1,1,1
935,1910,2020,13.654757111995742,1,0,0,0,0,0,0,0,0,0,1,0,1,1,1,1,0,1,1,1,0,0,0,0,0
937,-800,394,2.61220389718852,0,0,0,1,0,0,0,0,0,0,1,1,1,1,1,1,1,1,1,1,0,0,0,0,1
938,-1600,-1185,8.016246027249013,0,0,0,0,0,0,0,0,0,1,1,1,0,1,1,1,1,1,1,0,0,0,1,1,1
940,-31,68,15.463113061554482,1,1,0,1,1,0,0,0,0,1,1,1,0,1,1,1,0,1,0,1,0,0,0,1,0
941,1600,1700,15.715628238104276,0,1,1,0,0,0,0,0,1,0,1,1,1,1,1,1,1,1,1,1,0,0,0,0,1
942,1816,2020,17.607938931080035,1,0,1,1,1,0,1,1,0,0,1,0,1,0,1,1,0,1,1,1,0,0,0,0,0
943,1752,2020,11.91023385631558,0,0,0,0,1,0,0,0,0,0,1,1,1,1,1,1,1,1,1,1,0,0,0,0,1
944,1620,1700,13.305191623036407,0,1,0,1,0,0,0,0,0,0,1,1,1,1,1,1,0,1,1,1,0,0,0,1,1
946,700,1959,14.704730372026583,0,0,1,0,0,0,0,1,1,0,1,1,1,1,1,1,1,1,0,1,0,0,0,0,1
949,1963,2020,14.49454811953066,0,0,0,0,1,1,0,0,0,0,1,0,0,0,1,1,0,1,0,0,0,0,0,0,0
950,1652,2020,14.43107787502172,1,0,0,1,1,0,1,0,0,0,1,0,1,0,1,1,0,1,1,1,0,0,0,0,0
952,1980,2020,9.770594226279862,0,0,0,0,0,0,0,0,0,1,1,1,1,1,1,1,1,1,0,1,0,0,0,1,0
958,1540,1773,12.503311680926686,0,0,0,1,0,0,0,0,0,0,1,0,1,1,1,1,1,1,1,1,0,0,0,0,0
960,1000,2020,14.621319784505552,0,0,1,0,0,0,0,1,0,0,1,1,1,1,1,1,1,1,0,1,0,0,0,1,1
961,1885,2020,12.383447469132946,0,0,0,1,0,0,0,0,0,0,1,1,1,1,1,1,1,1,1,1,0,0,0,0,1
962,1400,2000,13.21140517605129,0,0,1,0,0,0,0,0,0,0,1,1,1,1,1,1,1,1,0,0,0,0,1,1,1
963,1119,1312,15.046020226176728,0,0,0,1,1,0,0,0,0,1,1,1,1,1,1,1,1,1,1,1,0,0,0,0,1
964,1800,2020,12.292571875783732,0,0,0,0,0,0,0,1,1,0,1,1,1,1,1,1,1,1,1,0,0,0,0,0,1
966,1318,2020,13.880875695322386,0,1,1,0,0,0,0,1,0,0,1,1,1,1,1,1,1,1,1,1,0,0,0,0,1
968,1683,2021,16.825809068100973,0,0,0,0,1,0,0,0,0,0,1,0,1,0,1,1,0,1,1,1,0,0,0,0,1
970,-323,500,15.463113061554482,1,1,0,1,1,0,0,0,0,1,1,1,1,1,1,1,1,1,1,1,0,0,1,0,0
971,500,2020,13.698186679290751,0,0,0,0,0,0,0,1,0,0,1,1,1,1,1,1,0,1,1,1,0,0,0,0,0
973,1845,2019,11.00365523570512,0,0,0,0,0,0,0,1,0,0,1,1,1,0,1,1,1,1,1,1,0,0,0,1,1
974,1204,1261,11.76333567853042,0,0,0,0,0,0,0,0,0,1,1,1,1,1,1,1,1,1,1,1,0,0,0,0,1
975,1980,2020,15.921800488855492,0,0,0,0,1,0,0,0,0,0,1,0,1,0,1,1,0,1,1,1,0,0,0,0,0
976,1187,2019,6.680154411702736,0,0,0,0,0,0,0,1,0,0,1,1,1,0,1,1,1,1,1,1,0,0,0,0,1
977,1200,2020,15.332891409843096,0,1,1,0,0,0,0,1,1,0,1,0,1,1,1,1,1,1,1,1,0,0,0,0,1
978,1500,2020,14.44014793921163,0,0,0,0,0,1,0,0,1,0,1,1,1,1,1,1,1,1,1,1,0,0,0,0,1
981,1930,2020,9.27885606854144,0,0,0,0,1,0,0,0,0,0,1,0,1,0,1,0,0,1,1,0,0,0,1,0,1
983,600,2020,14.621319784505552,0,0,1,0,0,0,0,1,0,0,1,0,1,1,1,1,1,1,0,1,0,0,0,0,1
984,1530,2020,13.260011004866406,0,0,0,1,0,0,0,0,0,0,1,1,1,1,1,1,0,1,1,1,0,0,0,0,0
985,1108,1299,3.840246448285208,0,0,0,1,1,0,0,0,0,0,1,1,1,1,1,1,1,1,1,1,0,0,0,1,1
986,150,529,10.930912507444376,1,0,0,1,0,0,0,0,0,1,1,0,1,0,1,1,0,1,1,0,0,0,0,0,0
987,1600,2020,9.9528738004101,0,0,0,0,0,0,0,1,0,0,1,1,1,1,1,1,1,1,1,1,0,0,0,1,0
988,1832,2020,15.917981577797908,0,0,0,0,1,0,0,0,0,0,1,0,1,0,1,1,0,1,1,1,0,0,0,0,0
989,1928,2020,18.28772617718013,1,1,1,1,1,1,1,1,1,1,1,0,1,1,1,1,1,1,1,0,0,0,0,0,0
993,-712,380,2.61220389718852,0,0,0,1,0,0,0,0,0,0,1,1,1,1,1,1,1,1,1,1,0,0,1,0,0
995,1841,2020,11.946071494685674,0,0,0,0,0,0,0,1,0,0,1,0,1,1,1,1,1,1,1,1,0,0,0,1,1
997,-2950,-2670,13.314060650993614,1,0,0,0,0,0,0,0,0,0,1,1,1,1,1,1,1,1,1,1,1,0,0,1,1
1006,-2670,-2168,13.314060650993614,1,0,0,0,0,0,0,0,0,0,1,1,1,1,1,1,1,1,1,1,0,0,0,1,1
1008,-2168,-2010,13.314060650993614,1,0,0,0,0,0,0,0,0,0,1,1,1,1,1,1,1,1,1,1,0,0,0,1,1
1013,1510,1640,13.452041216576248,0,0,0,0,0,0,0,1,0,0,1,1,1,0,1,1,0,1,1,1,0,0,0,0,1
1024,1200,1368,11.781453391200252,0,0,1,0,0,0,0,0,0,0,1,1,1,1,1,1,1,1,1,1,0,0,0,0,1
1028,1100,1250,6.287401174008963,0,0,0,1,0,0,0,0,0,0,1,0,1,0,1,1,1,1,1,1,0,0,0,1,1
1037,-1100,-650,13.314060650993614,1,0,0,0,0,0,0,0,0,0,1,1,1,1,1,1,1,1,1,1,0,0,0,1,1
1038,1644,1911,15.359265473972362,0,0,1,0,0,0,0,0,1,0,1,1,1,1,1,1,1,1,1,1,0,0,0,0,1
1041,1600,2021,11.482034849644004,0,0,1,0,0,0,0,0,0,0,1,0,1,1,1,1,1,1,1,1,0,0,0,1,1
1043,1500,2020,10.945871307796825,0,0,0,0,0,0,0,0,1,0,1,1,1,1,1,1,1,1,1,1,0,0,1,1,1
1044,-141,-87,15.593111523897466,0,1,1,0,0,0,0,1,1,0,1,1,0,1,1,1,0,1,1,1,0,0,0,0,0
1069,-1504,-1069,-2.8193543038709605,1,0,0,0,0,0,0,0,0,0,1,0,1,1,1,1,1,1,1,1,0,0,1,1,1
1071,2001,2021,18.696284550120325,1,1,1,1,1,1,1,1,1,1,1,0,0,1,1,1,1,1,0,1,0,0,0,0,0
1076,1560,1687,5.922790607270225,0,0,0,0,0,0,0,1,0,0,1,1,1,1,1,1,1,1,1,1,0,0,0,1,1
1083,1625,2021,10.644525545078208,0,0,1,0,0,0,0,1,0,0,1,1,1,1,1,1,1,1,0,1,0,0,0,1,1
1087,969,1400,13.247979969968377,0,0,0,1,0,0,0,0,0,1,1,1,1,0,1,1,1,1,1,1,0,0,0,0,1
1108,0,600,13.135241585643085,1,0,0,0,0,0,0,0,0,1,1,1,1,1,1,1,1,1,1,1,0,0,0,1,1
1109,960,1279,13.037401481832685,0,0,1,0,0,0,0,0,0,0,1,1,1,0,1,1,1,1,1,0,0,0,0,0,1
1125,-1292,-1070,12.109879091921655,1,0,0,0,0,0,0,0,0,0,1,1,1,1,0,1,1,1,1,0,0,0,0,1,1
1127,1890,2021,12.296540021470951,0,1,1,0,0,0,0,0,0,0,1,0,1,1,1,1,0,1,1,1,0,0,0,0,1
1129,-700,476,9.741991448700343,0,0,0,1,0,0,0,0,0,0,1,1,0,1,1,1,1,1,1,1,0,0,0,0,1
1134,600,2021,9.908086398218137,0,0,1,0,0,0,0,0,0,0,1,1,1,1,1,1,1,1,1,0,0,0,0,0,0
1136,1910,1951,10.409740131043687,0,0,1,0,0,0,0,0,0,0,1,1,1,0,0,0,0,1,0,1,0,0,0,0,0
1140,220,589,15.314660757764004,0,1,1,0,0,0,0,0,1,0,1,1,1,1,1,1,1,1,1,1,0,0,0,0,1
1154,1500,1950,13.89813982547702,0,0,1,0,0,0,0,0,0,0,1,0,0,0,1,1,0,1,0,0,0,0,0,0,0
1178,1997,2021,17.165610814098418,0,1,1,1,1,0,1,0,0,0,1,0,1,0,1,1,0,1,1,1,0,0,0,0,0
1180,1600,2020,11.118663332817228,0,0,0,0,0,0,0,0,1,0,1,0,1,1,1,1,1,1,1,1,0,0,0,1,1
1192,1945,2021,11.957346430200134,0,0,0,0,0,0,0,0,1,0,1,1,1,1,1,1,1,1,1,1,0,0,0,1,1
1210,1920,1950,6.295353068442969,1,0,0,0,0,0,0,0,0,0,1,1,0,0,1,1,1,1,1,1,0,0,0,0,1
1223,1885,1910,5.1547118482086285,0,0,0,0,0,0,0,1,0,0,1,1,0,0,1,1,1,1,0,1,0,0,0,0,1
1228,1915,1940,5.890461100353323,0,0,0,0,0,1,0,0,0,0,1,1,0,0,1,1,1,1,0,0,0,0,0,0,1
1229,1950,2021,16.046584482149072,0,1,1,0,0,0,0,1,1,0,1,1,1,1,1,1,0,1,1,1,0,0,0,0,0
1234,1880,1910,9.271209748195004,1,0,0,0,0,0,0,0,0,0,1,1,1,0,1,1,1,1,1,1,0,1,0,0,1
1248,-1972,-1718,1.05390959026229,0,0,0,0,0,0,0,0,0,1,1,1,0,1,1,1,1,1,0,1,0,0,1,0,1
1259,1200,1900,16.207784086992223,0,1,1,0,0,0,0,1,1,0,1,1,0,1,0,1,0,1,1,1,0,0,0,0,0
1279,1593,2004,7.438561660533876,0,0,0,0,0,0,0,0,1,0,1,1,0,1,1,1,1,1,1,0,0,0,0,1,1
1283,1500,2002,10.592812409357832,0,0,0,0,0,0,0,0,1,0,1,1,0,1,1,1,1,1,1,1,0,0,0,1,1
1289,1500,2004,10.708587308809548,0,0,0,0,0,0,0,0,1,0,1,1,1,1,1,1,1,1,1,0,0,0,0,1,1
1293,-2000,2022,10.576995712604928,0,0,0,0,1,0,0,0,0,0,1,1,1,1,1,1,1,1,1,1,0,0,0,0,1
1295,311,600,12.463836445956684,1,0,0,0,0,0,0,0,0,0,1,0,1,1,1,1,1,1,1,1,0,0,0,0,0
1304,1875,2022,13.239045848190168,0,0,0,0,1,0,0,0,0,0,1,0,1,0,1,1,0,1,1,0,0,0,0,0,0
1307,1845,2022,16.060997803583327,0,0,0,0,1,0,0,0,0,0,1,0,1,0,1,1,0,1,1,1,0,0,0,0,0
1311,1870,2022,7.633403978828037,0,0,0,0,1,0,0,0,0,0,1,0,1,0,1,1,0,1,1,1,0,0,0,0,0
1312,1400,2022,13.208411891651496,0,0,0,0,0,0,0,1,0,0,1,0,1,0,1,1,0,1,1,0,0,0,0,0,1
1319,1968,2022,4.935855222766744,0,0,0,0,1,0,0,0,0,0,1,0,1,1,1,1,0,1,1,1,0,0,0,0,1
1321,1853,2022,12.184359815884177,1,0,0,0,0,0,0,0,0,0,1,0,1,1,1,1,0,1,1,1,0,0,0,0,0
1322,361,363,15.463113061554482,1,1,0,1,1,0,0,0,0,1,1,1,0,1,1,1,0,1,1,1,0,0,0,0,0
1323,1910,1935,7.427301141091069,1,0,0,0,0,0,0,0,0,0,1,1,0,0,1,1,1,1,0,1,0,0,0,0,1
1334,1980,2022,15.921800488855492,0,0,0,0,1,0,0,0,0,0,1,0,1,0,1,1,0,1,1,1,0,0,0,0,0
1335,1575,1700,12.628883225904286,0,0,0,1,0,0,0,0,0,0,1,0,1,0,1,1,1,1,1,1,0,0,0,0,0
1340,1957,2023,14.9652621609527,0,0,1,1,1,0,1,1,1,1,1,0,1,0,1,1,1,1,1,0,0,0,0,0,0
1341,1960,2022,13.461560159881016,0,0,0,0,1,0,0,0,0,0,1,0,1,0,1,1,1,1,1,1,0,0,0,0,1
1344,1840,1920,13.635373416097575,0,0,1,0,0,0,0,0,0,0,1,1,1,0,1,1,1,1,0,1,0,0,0,0,0
1348,2012,2022,3.9937300277851615,0,0,0,0,0,0,0,0,0,1,1,0,1,0,1,1,0,1,1,1,0,0,0,0,1
1349,1124,1991,14.280183834496947,0,1,1,0,0,0,0,0,0,0,1,1,1,1,1,1,1,1,1,1,0,0,0,0,0
1352,2,21,12.863236611309658,0,0,0,0,0,0,0,1,0,0,1,0,1,1,1,0,1,1,1,1,0,0,0,0,0
1371,1979,2022,14.301266376913162,0,1,0,0,0,0,0,1,0,1,1,1,1,1,1,1,1,1,1,1,0,0,0,0,0
1374,1560,1620,14.888657094509425,0,1,0,1,1,0,0,0,0,0,1,1,1,1,1,1,0,1,1,1,0,0,0,0,0
1386,1807,1950,13.446806800430153,0,0,1,0,0,0,0,0,0,0,1,0,1,1,1,1,0,1,0,1,0,0,0,0,0
1390,1855,1880,9.871818112678644,0,0,0,0,1,0,0,0,0,0,1,1,0,1,1,1,1,1,1,1,1,1,0,1,1
1396,-304,-30,13.586927877103042,1,0,0,0,0,0,0,0,0,0,1,1,1,1,1,1,1,1,1,0,0,0,0,1,0
1409,-1500,-400,11.626715381833648,0,0,0,0,1,0,0,0,0,0,1,1,1,1,1,1,1,1,1,1,1,1,0,1,1
1412,1838,2022,12.824372426646848,0,1,1,0,0,0,0,0,0,0,1,0,1,0,1,0,0,1,1,1,0,0,0,0,0
1415,350,398,13.168972581084624,0,0,0,1,0,0,0,0,0,1,1,1,1,1,0,1,0,1,1,0,0,0,0,0,0
1419,-1550,-1425,12.803265241123588,1,0,0,0,0,0,0,0,0,1,1,1,1,1,1,1,1,1,1,1,0,1,0,1,1
1441,1325,1521,10.188896619200705,0,0,0,0,1,0,0,0,0,0,1,1,1,1,1,1,1,1,1,1,0,1,0,1,1
1458,1935,1960,9.531976647477064,1,0,0,0,0,0,0,0,0,0,1,1,0,0,1,1,1,1,0,0,0,0,0,0,1
1474,1945,1970,9.01002253717069,0,0,0,0,0,0,1,0,0,0,1,1,0,0,1,1,1,1,0,0,0,0,0,0,1
1488,1869,1894,8.607094203207781,0,0,0,0,0,0,1,0,0,0,1,1,0,0,0,1,1,1,1,1,0,0,0,0,1
1511,1804,1903,13.473369030068303,1,0,0,0,0,0,0,0,0,0,1,1,1,1,1,1,1,1,1,0,0,0,1,0,1
1522,1781,2022,16.23158458866845,1,0,0,0,0,0,0,0,0,0,1,1,1,1,1,1,0,1,1,1,0,0,0,0,0
1535,1921,1956,2.744337095333338,1,0,0,0,0,0,0,0,0,0,1,1,1,0,1,1,0,1,1,0,0,0,0,1,0
1544,1596,2022,13.305191623036407,0,1,0,1,0,0,0,0,0,0,1,1,1,1,0,1,1,1,1,1,0,0,0,0,1
1555,1970,2022,14.900982259224666,1,0,0,0,0,0,0,0,0,1,1,1,1,0,1,1,0,1,1,1,0,0,0,0,0
1570,9,21,15.205623038989636,0,0,0,0,0,0,0,1,1,1,1,1,1,1,1,1,1,1,1,1,0,0,0,1,1
1582,-300,500,15.463113061554482,1,1,0,1,1,0,0,0,0,1,1,1,0,1,1,1,0,1,1,1,0,0,0,0,1
1607,897,1700,11.282835007367645,0,0,0,0,0,0,0,0,0,1,1,1,1,1,1,1,1,1,1,1,0,0,1,0,1
1624,-900,-612,12.933997206751684,0,0,0,0,0,0,0,0,0,1,1,1,1,1,1,1,1,1,1,1,1,0,0,0,0
1627,1978,2023,-0.5092586802220141,0,0,1,0,0,0,0,0,0,0,1,1,1,1,1,1,1,1,0,0,0,0,0,0,1
1654,1981,2023,11.966296556893132,1,0,0,0,0,0,0,0,0,0,1,1,0,0,1,1,1,1,1,1,0,0,0,0,0
1677,-1650,-1180,12.741488664792849,0,0,0,0,0,0,0,0,0,1,1,1,0,1,1,1,1,1,1,1,0,0,0,0,1
1689,1516,1919,9.529438294279746,0,0,0,0,0,0,0,0,0,1,1,0,1,1,1,1,1,1,1,1,0,0,0,0,1
1690,843,1054,13.978985850392128,0,0,0,1,0,0,0,0,0,1,1,1,1,1,0,1,0,1,1,0,0,0,0,0,1
1694,1054,1204,13.06125411890591,0,1,0,1,0,0,0,0,0,1,1,1,1,1,0,1,0,1,1,0,0,0,0,0,1
1697,450,1450,14.350983827515243,1,0,0,1,0,0,0,0,0,1,1,1,1,1,1,1,1,1,1,1,0,0,0,0,1
1701,1120,2023,2.4509464771444422,0,0,0,1,0,0,0,0,0,0,1,1,1,1,1,1,1,1,1,1,0,0,0,0,1
1703,1265,1310,12.244368962772214,0,0,0,1,0,0,0,0,0,1,1,0,0,0,1,1,0,1,1,0,0,0,0,0,1
1708,708,2023,12.808020182453204,0,0,0,0,0,0,0,0,0,1,1,0,1,1,1,1,1,1,1,1,0,0,0,0,0
1709,1115,1269,15.062483609959976,1,0,0,1,0,0,0,0,0,0,1,1,1,1,1,1,1,1,1,1,0,0,1,1,1
1737,661,2023,14.726338450998488,0,1,0,0,0,0,0,1,0,1,1,1,1,1,1,1,1,1,1,1,0,0,0,0,0
1741,1891,2023,12.883432436564137,1,0,0,0,0,0,0,0,0,0,1,1,1,1,1,1,1,1,1,1,0,0,0,0,1
1759,1195,2023,15.722091129534522,1,0,0,0,0,0,0,0,0,0,1,1,1,1,1,1,1,1,1,1,0,0,0,0,0
1774,-1557,1864,6.165240296016478,1,0,0,0,0,0,0,0,0,0,1,0,1,1,1,1,0,1,1,1,0,0,0,0,1
1776,1881,1939,11.79680325468504,1,0,0,0,0,0,0,0,0,0,1,1,1,1,1,1,0,1,1,1,0,0,0,0,1
1777,-1881,1939,11.952107301400796,1,0,0,0,0,0,0,0,0,0,1,1,1,1,1,1,1,1,1,1,0,0,0,0,1
1779,-1956,2023,11.952107301400796,1,0,0,0,0,0,0,0,0,0,1,1,1,1,1,1,1,1,1,1,0,0,0,0,1
1780,1881,1939,11.960542404130612,1,0,0,0,0,0,0,0,0,0,1,0,1,1,1,1,0,1,1,1,0,0,0,0,1
1781,1969,2023,11.952107301400796,1,0,0,0,0,0,0,0,0,0,1,0,1,1,1,1,0,1,1,1,0,0,0,0,0
1791,1100,1200,5.982413840703699,0,0,0,0,0,0,0,0,0,1,1,0,1,0,1,1,1,1,1,1,0,0,0,0,0
1805,1744,1819,12.986948627250406,0,0,0,0,0,0,0,0,0,1,0,1,1,0,0,1,1,1,1,0,0,0,0,1,1
1806,1800,1900,5.163889948205476,1,0,0,0,0,0,0,0,0,0,1,1,1,1,1,1,1,1,1,1,0,0,1,0,1
1820,1980,2019,13.654757111995742,1,0,0,0,0,0,0,0,0,0,1,0,1,0,1,1,0,1,1,1,0,0,0,0,0
1829,1986,2019,13.654757111995742,1,0,0,0,0,0,0,0,0,0,1,0,1,1,1,1,1,1,1,1,0,0,0,1,0
1835,1948,2023,1.002798133693113,1,0,0,0,0,0,0,0,0,0,1,0,1,1,1,1,0,1,1,1,0,0,1,0,0
1845,1018,1536,10.695177330762045,0,0,0,1,0,0,0,0,0,0,1,1,1,1,1,1,0,1,1,0,0,0,0,0,1
1869,1930,2015,4.782151955048016,1,0,0,0,0,0,0,0,0,0,1,0,1,1,0,1,1,1,1,1,0,0,0,1,1
1872,1947,2023,-1.1543569432951748,1,0,0,0,0,0,0,0,0,0,1,0,1,1,1,1,1,1,1,1,0,0,1,0,1
1897,1951,2023,7.241323814876629,1,0,0,0,0,0,0,0,0,0,1,0,1,1,1,1,0,1,1,1,0,0,1,0,1
1903,750,1258,15.927146726270614,1,1,1,0,0,0,0,1,0,1,1,1,1,1,1,1,1,1,1,1,0,0,1,0,1
1904,1800,2000,11.949184519036804,1,0,0,0,0,0,0,0,0,0,1,0,1,1,1,1,1,1,1,1,0,0,0,0,1
1918,1950,2023,12.4053520569733,0,0,1,0,0,0,0,0,0,0,1,0,1,0,1,0,0,1,0,0,0,0,0,0,0
1928,-1793,1864,13.473369030068303,1,0,0,0,0,0,0,0,0,0,1,1,1,0,1,1,0,1,1,1,0,0,0,0,1
1940,1950,2023,-6.871814208495105,1,0,0,0,0,0,0,0,0,0,1,0,1,1,1,1,0,1,1,1,0,0,0,0,0
1943,1990,2020,14.853039474459075,0,0,0,0,0,0,1,0,0,0,1,0,0,1,1,1,0,1,1,1,0,0,0,0,0
1958,1915,2018,12.87667110230738,1,0,0,0,0,0,0,0,0,0,1,0,1,0,1,1,1,1,1,1,0,0,0,0,0
1961,1990,2023,5.0083784742951085,1,0,0,0,0,0,0,0,0,0,1,0,1,0,1,1,0,1,1,1,0,0,0,0,0
1966,1972,2023,13.723923434042002,1,0,0,0,0,0,0,0,0,0,1,0,1,1,1,1,1,1,1,1,0,0,0,0,0
1972,1970,2000,15.860842504894643,0,0,0,0,1,0,0,0,0,0,1,0,1,0,1,1,1,1,1,1,0,0,0,0,0
1974,1989,2023,-8.383936075445574,1,0,0,0,0,0,0,0,0,0,1,0,1,0,1,1,0,1,1,1,0,0,0,0,0
1978,1965,2023,6.979517602846816,0,0,1,0,0,0,0,0,0,0,1,0,1,0,1,1,0,1,0,0,0,0,0,0,0
1983,400,600,15.65291437622739,1,1,0,1,0,0,0,0,0,1,0,0,0,0,1,1,1,1,1,1,0,0,0,0,1
1985,34,638,3.230351277299992,0,0,0,0,0,0,0,0,0,1,1,1,1,1,1,1,0,1,1,0,0,0,0,0,0
1989,-600,300,13.285369110031546,1,0,0,1,0,0,0,0,0,0,1,1,1,1,1,1,1,1,1,1,0,0,0,1,1
1993,-600,400,7.886977762636095,0,0,0,1,0,0,0,0,0,0,1,1,1,1,1,1,1,1,1,1,0,0,0,0,1
1994,1968,2023,13.654757111995742,1,0,0,0,0,0,0,0,0,0,1,0,1,0,1,1,0,1,1,1,0,0,0,0,0
2000,1933,2023,1.031371384336185,1,0,0,0,0,0,0,0,0,0,1,0,1,0,1,1,0,1,1,1,0,0,0,0,0
2003,1914,2023,13.654757111995742,1,0,0,0,0,0,0,0,0,0,1,0,1,1,1,1,0,1,1,1,0,0,0,0,1
2006,1970,2023,13.654757111995742,1,0,0,0,0,0,0,0,0,0,1,0,1,0,1,1,0,1,1,1,0,0,0,0,0
2009,-800,300,8.230615890139774,0,0,0,1,0,0,0,0,0,0,1,1,1,1,1,1,1,1,1,1,0,0,0,0,1
2010,1240,2023,13.995376912971428,0,0,0,1,0,0,0,0,0,1,1,1,1,1,0,1,1,1,1,0,0,0,1,0,1
2016,-909,1171,14.720716486222168,1,0,0,1,0,0,0,0,0,1,1,1,1,1,0,1,1,1,1,1,0,0,1,0,1
2021,1905,2023,12.574126031505012,1,0,0,0,0,0,0,0,0,0,1,1,1,1,1,0,1,1,1,1,0,0,0,0,1
2023,971,1152,14.09427648055076,1,0,0,0,0,0,0,0,0,0,1,1,1,1,1,1,1,1,1,1,0,0,1,0,1
2031,800,909,13.924324165254482,1,0,0,1,0,0,0,0,0,0,1,1,1,1,1,1,1,1,1,1,0,0,1,0,1
2052,1992,2023,11.881283344433784,1,0,0,0,0,0,0,0,0,0,1,0,1,1,1,1,1,1,1,1,0,0,1,0,0
2054,1918,2023,13.654757111995742,1,0,0,0,0,0,0,0,0,0,1,0,1,0,1,1,0,1,1,1,0,0,0,0,0
2061,1800,1900,5.163889948205476,1,0,0,0,0,0,0,0,0,0,1,1,1,1,1,1,1,1,1,1,0,0,0,0,1
2069,1969,2022,4.053901164569584,1,0,0,0,0,0,0,0,0,0,1,1,0,1,1,1,0,1,1,1,0,0,0,0,0
2070,2003,2018,4.782151955048016,1,0,0,0,0,0,0,0,0,0,1,0,1,1,1,1,0,1,1,1,0,0,0,0,0
2074,1905,1906,11.937902144955936,1,0,0,0,0,0,0,0,0,0,1,1,1,0,0,1,0,0,0,0,0,0,0,1,1
2084,1980,1985,11.937902144955936,1,0,0,0,0,0,0,0,0,0,0,1,1,1,1,1,1,1,1,1,0,0,0,1,1
2089,1974,2023,12.430411742632002,1,0,0,0,0,0,0,0,0,0,1,0,1,0,1,1,1,1,1,1,0,0,0,0,0
2104,1700,1900,11.946621270765112,1,0,0,0,0,0,0,0,0,0,1,0,1,1,1,1,1,1,1,1,0,0,0,0,1
2111,700,1463,13.473369030068303,1,0,0,0,0,0,0,0,0,0,1,1,1,1,1,1,0,1,1,1,0,0,1,0,1
2114,1837,1990,13.473369030068303,1,0,0,0,0,0,0,0,0,0,1,1,0,0,1,1,1,1,1,1,0,0,0,0,1
2116,1804,1923,13.473369030068303,1,0,0,0,0,0,0,0,0,0,1,1,1,0,1,1,0,1,1,1,0,0,1,0,1
2122,1978,2008,13.49012353328415,1,0,0,0,0,0,0,0,0,0,1,1,1,0,1,1,0,1,1,1,0,0,0,0,1
2126,1984,2023,13.654757111995742,1,0,0,0,0,0,0,0,0,0,1,0,1,0,1,1,0,1,1,1,0,0,0,0,1
2133,1923,2000,13.654757111995742,1,0,0,0,0,0,0,0,0,0,1,1,1,0,1,1,0,1,1,1,0,0,0,0,1
2138,1916,2024,13.654757111995742,1,0,0,0,0,0,0,0,0,0,1,1,1,1,1,1,1,1,1,1,0,0,0,0,1
2139,1980,2020,13.654757111995742,1,0,0,0,0,0,0,0,0,0,1,0,1,0,1,1,0,1,1,1,0,0,0,0,1
2141,2002,2022,13.654757111995742,1,0,0,0,0,0,0,0,0,0,1,0,1,0,1,1,0,1,1,1,0,0,1,0,1
2147,-100,1574,14.01169184386503,1,0,0,1,0,0,0,0,0,0,1,1,1,1,1,1,0,1,1,1,0,0,1,0,1
2148,1705,1957,11.997394252138664,1,0,0,0,0,0,0,0,0,0,1,0,1,1,1,1,1,1,1,1,0,0,1,0,1
2149,330,1453,13.978985850392128,0,0,0,1,0,0,0,0,0,1,1,0,1,0,1,1,1,1,1,1,0,0,0,1,1
2157,1775,1815,14.0647899840171,1,0,0,1,1,0,1,0,0,0,1,0,1,0,1,1,0,1,1,1,0,0,0,1,0
2166,395,1453,13.978985850392128,0,0,0,1,0,0,0,0,0,1,1,1,1,1,1,1,1,1,1,1,0,0,0,1,1
2180,1921,2024,7.71444726166207,0,0,0,0,1,0,0,0,1,0,1,0,1,1,1,1,1,1,1,1,0,0,1,1,1
2194,1952,2023,13.7108679578338,1,0,0,0,0,0,0,0,0,0,1,0,1,1,1,1,0,1,1,1,0,0,1,0,0
2200,1480,2024,13.654757111995742,1,0,0,0,0,0,0,0,0,0,1,0,1,1,1,1,1,1,1,0,0,0,0,0,1
2210,1981,2024,12.574126031505012,1,0,0,0,0,0,0,0,0,0,1,0,1,1,1,1,1,1,1,1,0,0,0,0,1
2228,1972,2024,13.654757111995742,1,0,0,0,0,0,0,0,0,0,1,0,1,1,1,1,0,1,1,1,0,0,0,0,1
2232,1350,1500,11.937705893421676,0,0,0,1,0,0,0,0,0,0,1,0,1,0,1,1,0,1,1,1,0,0,0,0,0
2238,1700,2000,14.673514976407285,1,0,0,0,0,0,0,0,0,0,1,1,1,0,1,1,1,1,1,1,0,0,0,0,0
2243,700,2024,15.247884887105746,0,1,1,0,0,0,0,1,1,0,1,1,1,0,1,1,1,1,1,1,0,0,0,0,0
2245,-652,1240,10.12842972137508,0,0,0,1,0,0,0,0,0,0,1,1,1,1,1,1,1,1,1,1,0,0,0,0,1
2246,-819,1957,11.968537219167104,1,0,0,0,0,0,0,0,0,0,1,1,1,1,1,1,1,1,1,1,0,0,0,0,1
2247,647,712,14.342090777468432,1,0,0,1,0,0,0,0,0,0,1,1,1,1,1,1,1,1,1,1,0,0,1,0,1
2248,1631,1702,11.982080777432936,1,0,0,0,0,0,0,0,0,0,1,1,1,1,1,1,1,1,1,1,0,0,1,1,1
2255,1340,2024,14.29519052985962,0,1,1,0,0,0,0,0,0,0,1,1,1,0,1,1,1,1,1,1,0,0,0,1,0
2256,1700,2000,14.693250730682175,1,0,0,0,0,0,0,0,0,0,1,0,1,0,1,1,1,1,1,1,0,0,0,0,0
2264,1560,1720,12.740431723545552,0,0,0,1,1,0,0,0,0,0,1,1,1,0,1,1,1,1,1,1,0,0,0,0,1
2273,1291,1368,15.916527106284583,0,1,1,0,0,0,0,0,1,0,1,1,1,0,0,1,0,1,0,1,0,0,0,0,0
2274,1920,2023,8.700741980925622,1,0,0,0,0,0,0,0,0,0,1,0,1,1,1,1,1,1,1,1,0,0,0,0,1
2278,1700,2024,13.553481877024838,1,0,0,0,0,0,0,0,0,0,1,0,1,0,1,1,1,1,1,1,0,0,0,0,0
2290,1200,2024,13.7993409753417,1,0,0,0,0,0,0,0,0,1,1,0,1,0,1,1,1,1,1,1,0,0,0,0,0
2308,711,726,13.349369502941403,0,0,0,1,0,0,0,0,0,0,1,1,1,1,1,1,1,1,1,1,0,0,0,0,0
