entry_id,entrytag_123,entrytag_14,entrytag_14828,entrytag_18,entrytag_24,entrytag_38,entrytag_508,entrytag_510,entrytag_9,entrytag_905,region_africa,region_central_eurasia,region_east_asia,region_europe,region_north_america,region_oceania_australia,region_south_america,region_south_asia,region_southeast_asia,region_southwest_asia,year_from,year_to,Q_2265,Q_2300,Q_2322,Q_2347,Q_2841,Q_2862,Q_2876,Q_2890,Q_2919,Q_3144,Q_3145,Q_3153,Q_3166,Q_3169,Q_3420
174.0,0.0,0.0,0.0,1.0,0.0,0.0,0.0,0.0,0.0,0.0,0.0,0.0,0.0,0.0,0.0,0.0,0.0,0.0,0.0,1.0,50.0,160.0,0,0,0,1,1,0,1,1,1,0,0,0,0,0,1
190.0,0.0,1.0,0.0,0.0,0.0,0.0,0.0,0.0,0.0,0.0,0.0,0.0,0.0,0.0,0.0,0.0,0.0,1.0,0.0,0.0,1948.0,2015.0,1,1,1,1,1,1,1,1,1,0,0,0,0,0,1
200.0,0.0,1.0,0.0,0.0,0.0,0.0,0.0,0.0,0.0,0.0,0.0,0.0,0.0,0.0,0.0,0.0,0.0,1.0,0.0,0.0,1650.0,1850.0,1,1,1,1,0,1,1,1,0,1,0,1,0,1,1
211.0,0.0,0.0,0.0,0.0,0.0,0.0,0.0,0.0,0.0,0.0,1.0,0.0,0.0,0.0,0.0,0.0,0.0,0.0,0.0,0.0,-1350.0,-1320.0,1,1,1,1,1,0,1,1,1,0,1,0,1,1,1
217.0,0.0,0.0,0.0,0.0,0.0,0.0,0.0,0.0,0.0,0.0,0.0,0.0,0.0,1.0,0.0,0.0,0.0,0.0,0.0,0.0,-202.0,-44.0,1,1,1,0,1,0,1,1,0,0,1,0,0,0,1
230.0,0.0,0.0,0.0,0.0,0.0,0.0,0.0,0.0,0.0,0.0,0.0,0.0,0.0,0.0,0.0,0.0,0.0,0.0,0.0,1.0,-3300.0,-539.0,1,1,1,1,1,0,1,1,1,1,1,0,1,1,1
231.0,0.0,0.0,0.0,0.0,0.0,0.0,0.0,0.0,0.0,0.0,0.0,0.0,0.0,1.0,0.0,0.0,0.0,0.0,0.0,0.0,-600.0,-202.0,1,1,1,0,1,0,1,1,0,0,1,0,0,0,1
263.0,0.0,0.0,0.0,0.0,0.0,0.0,0.0,0.0,0.0,0.0,0.0,0.0,0.0,1.0,0.0,0.0,0.0,0.0,0.0,0.0,2000.0,2015.0,1,1,1,1,1,0,1,1,1,0,1,0,0,0,1
284.0,0.0,0.0,0.0,0.0,0.0,0.0,0.0,0.0,0.0,0.0,0.0,0.0,0.0,0.0,0.0,1.0,0.0,0.0,0.0,0.0,-3500.0,2015.0,0,0,0,1,1,0,1,1,1,0,0,0,0,0,1
294.0,1.0,0.0,0.0,0.0,0.0,0.0,0.0,0.0,0.0,0.0,0.0,0.0,1.0,0.0,0.0,0.0,0.0,0.0,0.0,0.0,200.0,600.0,0,1,0,0,0,0,0,0,0,0,0,0,0,0,0
381.0,0.0,0.0,0.0,0.0,0.0,0.0,0.0,1.0,0.0,0.0,0.0,0.0,0.0,0.0,0.0,0.0,0.0,1.0,0.0,0.0,1469.0,1606.0,1,0,0,1,0,1,1,1,1,0,1,0,0,0,1
383.0,0.0,0.0,0.0,0.0,0.0,0.0,0.0,1.0,0.0,0.0,0.0,0.0,0.0,0.0,0.0,0.0,0.0,1.0,0.0,0.0,1200.0,1700.0,1,0,1,1,0,1,0,1,1,0,0,0,0,1,0
390.0,0.0,0.0,0.0,0.0,0.0,0.0,0.0,1.0,0.0,0.0,0.0,0.0,0.0,0.0,0.0,0.0,0.0,1.0,0.0,0.0,1610.0,2016.0,1,1,1,1,0,1,1,1,1,0,0,0,0,0,1
392.0,0.0,0.0,0.0,0.0,0.0,0.0,0.0,1.0,0.0,0.0,0.0,0.0,0.0,0.0,0.0,0.0,0.0,1.0,0.0,0.0,1606.0,1708.0,1,0,0,1,0,1,1,1,1,0,1,0,0,0,0
395.0,0.0,0.0,0.0,0.0,0.0,0.0,0.0,1.0,0.0,0.0,1.0,0.0,0.0,0.0,0.0,0.0,0.0,0.0,0.0,0.0,1966.0,2016.0,1,0,1,1,1,1,1,1,1,0,1,0,0,0,1
400.0,0.0,0.0,0.0,1.0,0.0,0.0,0.0,0.0,0.0,0.0,0.0,0.0,0.0,0.0,0.0,0.0,0.0,0.0,1.0,0.0,1980.0,2015.0,1,0,1,1,1,0,0,1,1,0,0,0,0,1,1
415.0,0.0,0.0,0.0,0.0,0.0,0.0,0.0,1.0,0.0,0.0,0.0,0.0,0.0,0.0,0.0,0.0,0.0,1.0,0.0,0.0,1970.0,2015.0,1,1,1,1,0,1,1,1,0,0,1,0,0,0,1
416.0,0.0,0.0,0.0,1.0,0.0,0.0,0.0,0.0,0.0,0.0,0.0,0.0,0.0,1.0,0.0,0.0,0.0,0.0,0.0,0.0,1800.0,1918.0,0,1,1,1,1,0,1,1,1,0,1,0,0,0,1
419.0,0.0,0.0,0.0,0.0,0.0,0.0,0.0,1.0,0.0,0.0,0.0,0.0,0.0,0.0,0.0,0.0,0.0,1.0,0.0,0.0,1970.0,2016.0,1,1,1,1,0,1,1,1,0,1,0,0,0,0,0
420.0,0.0,0.0,0.0,0.0,0.0,0.0,0.0,1.0,0.0,0.0,1.0,0.0,0.0,0.0,0.0,0.0,0.0,0.0,0.0,0.0,1800.0,2017.0,1,0,1,1,0,1,1,1,1,0,1,0,0,0,1
442.0,0.0,0.0,0.0,1.0,0.0,0.0,0.0,0.0,0.0,0.0,1.0,0.0,0.0,0.0,0.0,0.0,0.0,0.0,0.0,0.0,311.0,427.0,1,0,1,1,1,0,1,1,1,0,1,0,0,0,1
455.0,0.0,1.0,0.0,0.0,0.0,0.0,0.0,0.0,0.0,0.0,0.0,0.0,0.0,0.0,0.0,0.0,0.0,0.0,1.0,0.0,1292.0,1558.0,1,1,1,1,1,1,1,1,0,0,1,0,1,0,1
472.0,0.0,1.0,0.0,0.0,0.0,0.0,0.0,0.0,0.0,0.0,0.0,0.0,0.0,0.0,0.0,0.0,0.0,1.0,0.0,0.0,1110.0,2017.0,1,0,1,1,0,1,1,1,1,0,1,0,0,0,0
476.0,0.0,0.0,0.0,0.0,1.0,0.0,0.0,0.0,0.0,0.0,0.0,0.0,0.0,0.0,0.0,0.0,0.0,0.0,1.0,0.0,1000.0,2015.0,1,1,1,1,1,0,1,1,1,0,1,0,1,1,1
478.0,0.0,1.0,0.0,0.0,0.0,0.0,0.0,0.0,0.0,0.0,0.0,0.0,0.0,0.0,0.0,0.0,0.0,1.0,0.0,0.0,-450.0,1.0,1,1,1,1,1,1,1,1,0,0,0,0,0,1,1
483.0,0.0,0.0,0.0,1.0,0.0,0.0,0.0,0.0,0.0,0.0,0.0,0.0,0.0,1.0,0.0,0.0,0.0,0.0,0.0,0.0,2015.0,2016.0,1,0,0,1,1,0,1,1,1,0,1,0,0,0,1
484.0,0.0,0.0,0.0,1.0,0.0,0.0,0.0,0.0,0.0,0.0,0.0,0.0,0.0,1.0,0.0,0.0,0.0,0.0,0.0,0.0,2015.0,2016.0,0,0,0,1,1,0,0,1,1,0,0,0,0,0,1
486.0,0.0,0.0,0.0,1.0,0.0,0.0,0.0,0.0,0.0,0.0,0.0,0.0,0.0,0.0,1.0,0.0,0.0,0.0,0.0,0.0,1830.0,1951.0,1,0,1,1,1,0,0,1,1,0,0,0,0,0,0
492.0,0.0,0.0,0.0,0.0,0.0,0.0,0.0,0.0,0.0,0.0,0.0,0.0,0.0,1.0,0.0,0.0,0.0,0.0,0.0,0.0,-800.0,380.0,0,1,0,0,1,0,1,1,1,0,1,0,0,0,1
520.0,0.0,0.0,0.0,0.0,0.0,0.0,0.0,1.0,0.0,0.0,0.0,0.0,0.0,0.0,0.0,0.0,0.0,0.0,1.0,0.0,1600.0,2015.0,1,1,1,1,1,1,1,1,1,1,1,0,1,0,1
525.0,0.0,0.0,0.0,1.0,0.0,0.0,0.0,0.0,0.0,0.0,1.0,0.0,0.0,0.0,0.0,0.0,0.0,0.0,0.0,0.0,1951.0,2018.0,1,0,1,1,1,0,0,1,1,0,1,0,0,0,0
526.0,0.0,0.0,0.0,1.0,0.0,0.0,0.0,0.0,0.0,0.0,0.0,0.0,0.0,0.0,0.0,0.0,0.0,0.0,1.0,0.0,1900.0,2018.0,1,0,0,1,1,0,0,1,1,0,0,0,0,0,1
534.0,0.0,0.0,0.0,0.0,0.0,0.0,0.0,0.0,0.0,0.0,0.0,0.0,0.0,1.0,0.0,0.0,0.0,0.0,0.0,0.0,-42.0,518.0,1,1,1,1,1,0,1,1,1,1,1,0,1,1,1
563.0,0.0,0.0,0.0,0.0,0.0,0.0,0.0,1.0,0.0,0.0,0.0,0.0,0.0,0.0,0.0,0.0,0.0,1.0,0.0,0.0,1845.0,2018.0,0,0,0,1,0,1,1,1,1,0,0,0,0,0,1
564.0,0.0,0.0,0.0,1.0,0.0,0.0,0.0,0.0,0.0,0.0,0.0,0.0,0.0,0.0,0.0,0.0,0.0,1.0,0.0,0.0,1950.0,2018.0,1,0,0,1,1,0,0,1,1,0,0,0,1,0,1
570.0,0.0,1.0,0.0,1.0,0.0,0.0,0.0,1.0,0.0,0.0,0.0,0.0,0.0,0.0,0.0,0.0,0.0,0.0,1.0,0.0,1986.0,2018.0,0,0,0,1,0,1,0,1,0,0,0,0,0,0,0
576.0,0.0,1.0,0.0,0.0,0.0,0.0,0.0,0.0,0.0,0.0,0.0,0.0,0.0,0.0,0.0,0.0,0.0,0.0,1.0,0.0,1000.0,2018.0,0,0,1,1,1,1,1,1,0,0,0,0,0,0,1
586.0,0.0,1.0,0.0,0.0,0.0,0.0,0.0,0.0,0.0,0.0,0.0,0.0,0.0,0.0,0.0,0.0,0.0,0.0,1.0,0.0,1900.0,2017.0,1,0,1,0,0,1,1,1,0,0,1,0,0,0,1
589.0,0.0,0.0,0.0,0.0,0.0,0.0,1.0,0.0,0.0,0.0,0.0,0.0,0.0,0.0,0.0,0.0,1.0,0.0,0.0,0.0,1915.0,1945.0,0,0,0,0,1,1,1,0,1,1,1,1,0,0,1
607.0,1.0,0.0,0.0,0.0,0.0,0.0,0.0,0.0,0.0,0.0,0.0,0.0,1.0,0.0,0.0,0.0,0.0,0.0,0.0,0.0,-400.0,-200.0,0,0,0,0,1,0,0,1,0,0,0,0,0,0,1
614.0,0.0,0.0,0.0,0.0,0.0,0.0,0.0,0.0,1.0,0.0,1.0,0.0,0.0,0.0,0.0,0.0,0.0,0.0,0.0,0.0,1925.0,1960.0,0,0,0,1,1,0,1,1,1,0,1,0,0,0,1
627.0,0.0,0.0,0.0,0.0,0.0,0.0,0.0,0.0,0.0,0.0,0.0,0.0,0.0,1.0,0.0,0.0,0.0,0.0,0.0,0.0,1905.0,1935.0,1,1,1,0,1,0,1,0,0,0,1,0,0,0,0
629.0,0.0,1.0,0.0,0.0,0.0,0.0,0.0,1.0,0.0,0.0,0.0,0.0,0.0,0.0,0.0,0.0,0.0,1.0,0.0,0.0,1200.0,2018.0,1,0,0,1,1,1,1,1,1,0,0,0,0,0,1
635.0,0.0,0.0,0.0,0.0,0.0,0.0,0.0,0.0,0.0,0.0,0.0,0.0,0.0,0.0,0.0,0.0,0.0,0.0,1.0,0.0,1890.0,1920.0,0,1,0,1,1,0,1,1,1,0,0,0,0,0,1
646.0,0.0,0.0,0.0,0.0,0.0,1.0,0.0,0.0,0.0,0.0,0.0,0.0,0.0,0.0,1.0,0.0,0.0,0.0,0.0,0.0,1889.0,2018.0,0,0,1,1,1,0,0,1,0,0,0,0,1,0,1
649.0,0.0,0.0,0.0,0.0,0.0,0.0,0.0,1.0,0.0,0.0,0.0,0.0,0.0,0.0,0.0,0.0,0.0,1.0,0.0,0.0,700.0,2019.0,1,1,1,1,0,1,1,1,1,0,0,0,0,0,0
650.0,0.0,0.0,0.0,0.0,0.0,0.0,0.0,0.0,0.0,0.0,0.0,0.0,0.0,0.0,0.0,1.0,0.0,0.0,0.0,0.0,1918.0,1945.0,0,0,0,0,1,0,1,1,1,0,1,0,0,0,1
654.0,0.0,0.0,0.0,1.0,0.0,0.0,0.0,0.0,0.0,0.0,0.0,0.0,0.0,1.0,0.0,0.0,0.0,0.0,0.0,0.0,1198.0,1250.0,1,1,1,1,1,0,1,1,1,1,1,0,0,0,1
669.0,0.0,0.0,0.0,0.0,0.0,0.0,0.0,0.0,0.0,0.0,0.0,0.0,0.0,0.0,0.0,1.0,0.0,0.0,0.0,0.0,1900.0,1925.0,0,1,0,0,1,1,1,0,0,0,1,0,0,0,0
676.0,0.0,0.0,0.0,1.0,0.0,0.0,0.0,0.0,0.0,0.0,0.0,0.0,0.0,1.0,0.0,0.0,0.0,0.0,0.0,0.0,1198.0,1500.0,1,1,1,1,1,0,1,1,1,0,1,0,0,0,1
679.0,0.0,0.0,0.0,0.0,0.0,0.0,0.0,1.0,0.0,0.0,0.0,0.0,0.0,0.0,0.0,0.0,0.0,1.0,0.0,0.0,1915.0,1940.0,0,1,0,1,0,1,1,1,1,1,1,1,0,0,1
680.0,0.0,0.0,0.0,0.0,0.0,0.0,0.0,1.0,0.0,0.0,0.0,0.0,0.0,0.0,0.0,0.0,0.0,1.0,0.0,0.0,1850.0,2019.0,1,0,1,1,0,1,0,1,1,0,0,0,0,0,1
688.0,0.0,0.0,0.0,0.0,1.0,0.0,0.0,1.0,0.0,0.0,0.0,0.0,0.0,0.0,0.0,0.0,0.0,1.0,0.0,0.0,1866.0,2019.0,0,0,1,1,1,1,1,1,1,0,1,0,0,0,0
690.0,0.0,0.0,0.0,0.0,1.0,0.0,0.0,1.0,0.0,0.0,0.0,0.0,0.0,0.0,0.0,0.0,0.0,1.0,0.0,0.0,1880.0,2019.0,1,0,0,1,1,0,1,1,1,1,1,0,0,0,1
714.0,0.0,0.0,0.0,0.0,0.0,0.0,0.0,1.0,0.0,0.0,0.0,0.0,0.0,0.0,0.0,0.0,0.0,1.0,0.0,0.0,550.0,850.0,1,1,1,1,1,1,1,1,1,0,1,0,1,0,1
719.0,0.0,0.0,0.0,0.0,0.0,0.0,0.0,1.0,0.0,0.0,0.0,0.0,0.0,0.0,1.0,0.0,0.0,0.0,0.0,0.0,1845.0,2018.0,1,1,0,1,0,1,1,0,1,0,0,0,0,0,0
738.0,0.0,0.0,0.0,0.0,0.0,0.0,0.0,0.0,1.0,0.0,1.0,0.0,0.0,0.0,0.0,0.0,0.0,0.0,0.0,0.0,-3000.0,300.0,1,1,1,1,1,0,1,1,1,1,1,0,1,1,1
749.0,0.0,0.0,0.0,0.0,0.0,0.0,0.0,0.0,0.0,0.0,0.0,0.0,1.0,0.0,0.0,0.0,0.0,0.0,0.0,0.0,1800.0,2020.0,0,0,0,1,1,1,0,1,0,0,0,0,0,0,1
755.0,0.0,0.0,0.0,0.0,1.0,0.0,0.0,0.0,0.0,0.0,0.0,1.0,0.0,0.0,0.0,0.0,0.0,0.0,0.0,0.0,1850.0,2020.0,1,0,1,1,1,0,1,0,1,0,1,0,0,0,1
770.0,0.0,1.0,0.0,0.0,0.0,0.0,0.0,0.0,0.0,0.0,0.0,0.0,0.0,0.0,0.0,0.0,0.0,0.0,1.0,0.0,1920.0,2020.0,1,0,0,1,0,0,1,0,0,0,0,0,0,0,0
775.0,0.0,0.0,0.0,0.0,0.0,0.0,0.0,0.0,0.0,0.0,0.0,0.0,0.0,0.0,0.0,0.0,0.0,1.0,0.0,0.0,-600.0,2020.0,1,0,1,1,0,1,1,1,0,0,1,0,1,1,1
812.0,0.0,0.0,0.0,0.0,0.0,0.0,0.0,0.0,0.0,0.0,1.0,0.0,0.0,0.0,0.0,0.0,0.0,0.0,0.0,0.0,2007.0,2020.0,0,0,0,1,0,0,0,0,1,0,0,0,0,0,0
841.0,0.0,1.0,0.0,0.0,0.0,0.0,0.0,0.0,0.0,0.0,0.0,0.0,0.0,0.0,0.0,0.0,0.0,1.0,0.0,0.0,1073.0,2020.0,1,1,1,1,1,1,1,1,0,0,1,0,1,1,1
842.0,0.0,0.0,0.0,1.0,0.0,0.0,0.0,0.0,0.0,0.0,0.0,0.0,0.0,0.0,1.0,0.0,0.0,0.0,0.0,0.0,1730.0,2020.0,0,0,0,1,1,0,0,0,1,0,0,0,0,0,0
848.0,0.0,0.0,0.0,0.0,0.0,0.0,0.0,0.0,0.0,0.0,0.0,0.0,0.0,0.0,0.0,0.0,0.0,0.0,0.0,1.0,-200.0,70.0,1,1,1,1,1,0,1,1,1,1,1,0,1,1,1
849.0,0.0,0.0,0.0,0.0,0.0,1.0,0.0,0.0,0.0,0.0,0.0,0.0,0.0,0.0,1.0,0.0,0.0,0.0,0.0,0.0,1750.0,1850.0,0,0,0,1,1,0,0,1,1,0,0,0,0,0,1
851.0,0.0,0.0,0.0,0.0,0.0,0.0,0.0,0.0,0.0,0.0,0.0,0.0,0.0,0.0,1.0,0.0,0.0,0.0,0.0,0.0,1899.0,2020.0,1,0,0,1,0,1,1,0,1,1,1,0,0,0,0
852.0,0.0,0.0,0.0,0.0,0.0,0.0,0.0,0.0,0.0,0.0,0.0,0.0,0.0,1.0,0.0,0.0,0.0,0.0,0.0,0.0,-500.0,900.0,1,1,1,1,1,0,1,1,0,1,1,0,1,0,1
854.0,0.0,0.0,0.0,0.0,0.0,0.0,0.0,0.0,0.0,0.0,0.0,0.0,0.0,1.0,0.0,0.0,0.0,0.0,0.0,0.0,-400.0,900.0,1,1,1,1,1,0,0,1,1,0,1,0,1,0,1
855.0,0.0,0.0,0.0,0.0,1.0,0.0,0.0,0.0,0.0,0.0,0.0,0.0,0.0,0.0,0.0,0.0,0.0,0.0,0.0,1.0,1900.0,2020.0,1,1,0,1,1,0,1,1,1,0,1,0,0,0,1
857.0,0.0,0.0,0.0,0.0,0.0,0.0,0.0,0.0,0.0,0.0,1.0,0.0,0.0,0.0,0.0,0.0,0.0,0.0,0.0,0.0,1738.0,2020.0,0,0,0,1,1,0,0,1,1,0,0,0,0,1,1
860.0,0.0,0.0,0.0,0.0,0.0,0.0,0.0,0.0,1.0,0.0,1.0,0.0,0.0,0.0,0.0,0.0,0.0,0.0,0.0,0.0,1704.0,2020.0,0,0,0,1,1,1,0,1,1,0,0,0,0,0,1
862.0,0.0,0.0,0.0,0.0,0.0,0.0,0.0,0.0,0.0,0.0,0.0,0.0,0.0,0.0,0.0,0.0,0.0,1.0,0.0,0.0,1907.0,2020.0,1,0,1,1,0,1,1,0,1,0,0,0,0,0,0
871.0,0.0,0.0,0.0,0.0,0.0,0.0,0.0,0.0,0.0,0.0,0.0,0.0,0.0,0.0,1.0,0.0,0.0,0.0,0.0,0.0,1848.0,2020.0,0,0,0,1,1,0,0,0,1,0,0,0,0,0,0
873.0,0.0,0.0,0.0,1.0,0.0,0.0,0.0,0.0,0.0,0.0,0.0,0.0,0.0,0.0,1.0,0.0,0.0,0.0,0.0,0.0,1962.0,1993.0,0,0,0,1,1,0,0,1,1,0,0,0,0,1,1
877.0,0.0,1.0,0.0,0.0,0.0,0.0,0.0,0.0,0.0,0.0,0.0,0.0,0.0,0.0,0.0,0.0,0.0,0.0,1.0,0.0,1989.0,2022.0,1,0,1,1,1,1,1,0,0,0,0,0,0,1,1
879.0,0.0,0.0,0.0,1.0,0.0,0.0,0.0,0.0,0.0,0.0,1.0,0.0,0.0,0.0,0.0,0.0,0.0,0.0,0.0,0.0,1860.0,2020.0,0,0,0,1,1,0,0,1,1,0,0,0,0,1,1
882.0,0.0,0.0,0.0,0.0,0.0,0.0,0.0,0.0,0.0,0.0,0.0,0.0,0.0,1.0,0.0,0.0,0.0,0.0,0.0,0.0,-450.0,425.0,0,0,0,0,1,1,1,0,1,0,0,0,0,0,0
884.0,0.0,0.0,0.0,0.0,0.0,0.0,0.0,0.0,1.0,0.0,1.0,0.0,0.0,0.0,0.0,0.0,0.0,0.0,0.0,0.0,1907.0,2022.0,0,1,0,1,1,0,0,1,1,0,1,0,0,0,1
886.0,0.0,0.0,0.0,0.0,0.0,0.0,0.0,0.0,0.0,0.0,0.0,0.0,0.0,1.0,0.0,0.0,0.0,0.0,0.0,0.0,1990.0,2020.0,0,0,0,1,1,0,1,1,1,0,1,0,0,0,1
887.0,0.0,0.0,0.0,0.0,0.0,0.0,0.0,0.0,0.0,0.0,0.0,1.0,0.0,0.0,0.0,0.0,0.0,0.0,0.0,0.0,1990.0,2020.0,0,0,1,1,1,1,1,1,1,0,1,0,0,0,1
891.0,0.0,0.0,0.0,1.0,0.0,0.0,0.0,0.0,0.0,0.0,0.0,0.0,0.0,0.0,0.0,0.0,1.0,0.0,0.0,0.0,1956.0,2020.0,1,0,1,1,1,0,1,1,1,1,1,1,0,0,1
892.0,0.0,0.0,0.0,1.0,0.0,0.0,0.0,0.0,0.0,0.0,0.0,0.0,0.0,0.0,1.0,0.0,0.0,0.0,0.0,0.0,1960.0,2020.0,0,0,0,1,1,0,0,1,1,0,0,0,0,0,1
894.0,0.0,0.0,0.0,1.0,0.0,0.0,0.0,0.0,0.0,0.0,0.0,0.0,0.0,0.0,1.0,0.0,0.0,0.0,0.0,0.0,1968.0,2020.0,0,1,0,1,0,0,0,0,1,0,0,0,0,0,1
899.0,0.0,0.0,0.0,0.0,1.0,0.0,0.0,0.0,0.0,0.0,0.0,0.0,0.0,0.0,0.0,0.0,0.0,0.0,1.0,0.0,1926.0,2020.0,1,1,1,1,1,0,1,1,1,1,1,1,0,1,1
914.0,0.0,0.0,0.0,0.0,1.0,0.0,0.0,0.0,0.0,0.0,1.0,0.0,0.0,0.0,0.0,0.0,0.0,0.0,0.0,0.0,1258.0,2020.0,0,1,1,1,1,0,1,1,1,0,0,0,0,0,1
915.0,0.0,0.0,0.0,1.0,0.0,0.0,0.0,0.0,0.0,0.0,0.0,0.0,0.0,0.0,1.0,0.0,0.0,0.0,0.0,0.0,2000.0,2020.0,0,0,0,1,1,0,0,1,1,0,0,0,0,0,1
919.0,0.0,0.0,0.0,1.0,0.0,0.0,0.0,0.0,0.0,1.0,0.0,0.0,0.0,1.0,0.0,0.0,0.0,0.0,0.0,0.0,1995.0,2020.0,1,1,1,1,1,0,0,1,1,0,0,0,0,0,1
921.0,0.0,0.0,0.0,0.0,0.0,0.0,0.0,1.0,0.0,0.0,0.0,0.0,0.0,0.0,0.0,0.0,0.0,1.0,0.0,0.0,1700.0,2020.0,0,1,0,1,1,0,1,1,1,0,1,0,0,0,1
925.0,0.0,0.0,0.0,0.0,0.0,0.0,0.0,0.0,0.0,0.0,0.0,0.0,0.0,0.0,0.0,0.0,0.0,0.0,0.0,1.0,220.0,650.0,0,1,0,1,1,0,0,1,1,1,1,0,1,1,1
928.0,0.0,0.0,0.0,0.0,0.0,1.0,0.0,0.0,0.0,0.0,0.0,0.0,0.0,0.0,1.0,0.0,0.0,0.0,0.0,0.0,1860.0,1910.0,0,0,0,0,1,0,0,1,0,0,0,0,0,0,1
931.0,0.0,0.0,0.0,1.0,0.0,0.0,0.0,0.0,0.0,0.0,0.0,0.0,0.0,1.0,0.0,0.0,0.0,0.0,0.0,0.0,1580.0,2020.0,1,1,1,1,1,0,1,1,1,0,1,0,0,0,1
933.0,0.0,0.0,0.0,1.0,0.0,0.0,0.0,0.0,0.0,0.0,0.0,0.0,0.0,1.0,0.0,0.0,0.0,0.0,0.0,0.0,144.0,1000.0,0,0,0,1,1,0,1,1,1,0,0,0,0,0,1
935.0,0.0,0.0,0.0,0.0,0.0,0.0,0.0,0.0,1.0,0.0,1.0,0.0,0.0,0.0,0.0,0.0,0.0,0.0,0.0,0.0,1910.0,2020.0,1,0,0,1,1,0,0,1,1,0,0,0,0,0,1
937.0,0.0,0.0,0.0,0.0,0.0,0.0,0.0,0.0,0.0,0.0,0.0,0.0,0.0,1.0,0.0,0.0,0.0,0.0,0.0,0.0,-800.0,394.0,1,1,0,1,1,0,1,1,1,0,1,0,0,0,1
938.0,0.0,0.0,0.0,0.0,0.0,0.0,0.0,0.0,0.0,0.0,0.0,0.0,0.0,0.0,0.0,0.0,0.0,0.0,0.0,1.0,-1600.0,-1185.0,1,1,0,0,1,0,1,0,1,1,1,1,1,1,1
942.0,0.0,0.0,0.0,1.0,0.0,0.0,0.0,0.0,0.0,0.0,1.0,0.0,0.0,0.0,0.0,0.0,0.0,0.0,0.0,0.0,1816.0,2020.0,0,0,0,1,1,0,0,1,1,0,0,0,0,1,1
943.0,0.0,0.0,0.0,1.0,0.0,1.0,0.0,0.0,0.0,0.0,0.0,0.0,0.0,0.0,1.0,0.0,0.0,0.0,0.0,0.0,1752.0,2020.0,1,1,1,1,1,0,1,1,1,0,1,0,0,0,1
944.0,0.0,0.0,0.0,0.0,0.0,0.0,0.0,0.0,0.0,0.0,0.0,0.0,0.0,1.0,0.0,0.0,0.0,0.0,0.0,0.0,1620.0,1700.0,1,1,1,1,1,0,0,1,1,0,1,0,1,0,1
946.0,0.0,1.0,0.0,0.0,0.0,0.0,0.0,0.0,0.0,0.0,0.0,0.0,0.0,0.0,0.0,0.0,0.0,1.0,0.0,0.0,700.0,1959.0,1,1,1,1,0,1,1,1,0,0,1,0,0,1,1
949.0,0.0,0.0,0.0,0.0,0.0,0.0,0.0,0.0,0.0,0.0,0.0,0.0,0.0,0.0,1.0,0.0,0.0,0.0,0.0,0.0,1963.0,2020.0,0,0,0,0,0,1,0,0,0,0,0,0,0,0,0
950.0,0.0,0.0,0.0,1.0,0.0,0.0,0.0,0.0,0.0,0.0,1.0,0.0,0.0,0.0,0.0,0.0,0.0,0.0,0.0,0.0,1652.0,2020.0,0,0,0,1,1,0,0,1,1,0,0,0,0,0,1
952.0,0.0,0.0,0.0,0.0,0.0,0.0,0.0,0.0,1.0,0.0,0.0,0.0,0.0,0.0,0.0,0.0,0.0,0.0,0.0,1.0,1980.0,2020.0,1,1,1,1,1,0,1,1,0,0,0,0,1,0,0
953.0,0.0,0.0,0.0,0.0,0.0,0.0,0.0,0.0,0.0,0.0,0.0,0.0,0.0,0.0,0.0,0.0,0.0,1.0,0.0,0.0,1975.0,2020.0,0,0,0,1,0,0,0,1,1,0,0,0,0,0,1
958.0,0.0,0.0,0.0,0.0,0.0,0.0,0.0,0.0,0.0,0.0,0.0,0.0,0.0,1.0,0.0,0.0,0.0,0.0,0.0,0.0,1540.0,1773.0,1,0,0,1,1,0,1,1,1,0,1,0,0,0,1
961.0,0.0,0.0,0.0,0.0,0.0,0.0,0.0,0.0,0.0,0.0,0.0,0.0,0.0,1.0,0.0,0.0,0.0,0.0,0.0,0.0,1885.0,2020.0,1,1,1,1,1,0,1,1,1,0,1,0,0,0,1
962.0,0.0,1.0,0.0,0.0,0.0,0.0,0.0,0.0,0.0,0.0,0.0,0.0,1.0,0.0,0.0,0.0,0.0,0.0,0.0,0.0,1400.0,2000.0,1,1,1,1,1,1,1,0,0,0,1,0,0,0,1
963.0,0.0,0.0,0.0,1.0,0.0,0.0,0.0,0.0,0.0,1.0,0.0,0.0,0.0,1.0,0.0,0.0,0.0,0.0,0.0,0.0,1119.0,1312.0,1,1,1,1,1,0,1,1,1,0,1,0,0,0,1
964.0,0.0,0.0,0.0,0.0,0.0,0.0,0.0,1.0,0.0,0.0,0.0,0.0,0.0,0.0,0.0,0.0,0.0,1.0,0.0,0.0,1800.0,2020.0,1,1,1,1,0,1,1,0,1,0,1,0,0,0,0
968.0,0.0,0.0,0.0,1.0,0.0,0.0,0.0,0.0,0.0,1.0,0.0,0.0,0.0,0.0,1.0,0.0,0.0,0.0,0.0,0.0,1683.0,2021.0,0,0,0,1,1,0,0,1,1,0,0,0,0,1,1
970.0,0.0,0.0,0.0,0.0,0.0,0.0,0.0,0.0,0.0,0.0,0.0,0.0,0.0,1.0,0.0,0.0,0.0,0.0,0.0,0.0,-323.0,500.0,1,1,1,1,1,0,1,1,1,0,0,1,0,0,1
971.0,0.0,0.0,0.0,0.0,0.0,0.0,0.0,1.0,0.0,0.0,0.0,0.0,0.0,0.0,0.0,0.0,0.0,1.0,0.0,0.0,500.0,2020.0,1,1,1,1,0,1,0,1,1,0,0,0,0,0,1
973.0,0.0,0.0,0.0,0.0,0.0,0.0,0.0,0.0,0.0,0.0,0.0,0.0,0.0,0.0,0.0,0.0,0.0,1.0,0.0,0.0,1845.0,2019.0,0,1,1,1,1,0,1,1,1,0,1,0,1,0,1
974.0,0.0,0.0,0.0,1.0,0.0,0.0,0.0,0.0,0.0,1.0,0.0,0.0,0.0,0.0,0.0,0.0,0.0,0.0,0.0,1.0,1204.0,1261.0,1,1,1,1,1,0,1,1,1,1,1,0,0,0,1
975.0,0.0,0.0,0.0,0.0,0.0,0.0,0.0,0.0,0.0,0.0,0.0,0.0,0.0,0.0,1.0,0.0,0.0,0.0,0.0,0.0,1980.0,2020.0,0,0,0,1,1,0,0,1,1,0,0,0,0,0,1
976.0,0.0,0.0,0.0,0.0,0.0,0.0,0.0,0.0,0.0,0.0,0.0,0.0,0.0,0.0,0.0,0.0,0.0,1.0,0.0,0.0,1187.0,2019.0,0,1,0,1,1,0,1,1,1,0,1,0,0,0,1
977.0,0.0,0.0,0.0,0.0,1.0,0.0,0.0,1.0,0.0,0.0,0.0,0.0,0.0,0.0,0.0,0.0,0.0,1.0,0.0,0.0,1200.0,2020.0,1,0,0,1,1,1,1,1,1,0,1,0,0,0,1
978.0,0.0,0.0,0.0,1.0,0.0,0.0,0.0,0.0,0.0,0.0,0.0,0.0,0.0,0.0,0.0,0.0,0.0,0.0,1.0,0.0,1500.0,2020.0,1,1,1,1,1,0,1,1,1,0,1,0,0,0,1
981.0,0.0,0.0,0.0,0.0,1.0,0.0,0.0,0.0,0.0,0.0,0.0,0.0,0.0,0.0,1.0,0.0,0.0,0.0,0.0,0.0,1930.0,2020.0,0,0,0,1,1,0,0,0,1,0,0,0,0,0,0
983.0,0.0,1.0,0.0,0.0,0.0,0.0,0.0,0.0,0.0,0.0,0.0,0.0,0.0,0.0,0.0,0.0,0.0,1.0,0.0,0.0,600.0,2020.0,1,0,1,1,1,1,1,1,0,0,1,0,0,0,1
984.0,0.0,0.0,0.0,1.0,0.0,0.0,0.0,0.0,0.0,0.0,0.0,0.0,0.0,1.0,0.0,0.0,0.0,0.0,0.0,0.0,1520.0,1565.0,0,1,0,1,1,0,0,1,1,0,0,0,0,0,1
985.0,0.0,0.0,0.0,1.0,0.0,0.0,0.0,0.0,0.0,0.0,0.0,0.0,0.0,1.0,0.0,0.0,0.0,0.0,0.0,0.0,1108.0,1299.0,1,1,1,1,1,0,1,0,1,0,1,0,1,0,1
986.0,0.0,0.0,0.0,0.0,0.0,0.0,0.0,0.0,0.0,0.0,0.0,0.0,0.0,1.0,0.0,0.0,0.0,0.0,0.0,0.0,150.0,529.0,0,0,0,0,0,1,0,0,0,0,0,0,0,0,0
987.0,0.0,0.0,0.0,0.0,0.0,0.0,0.0,0.0,0.0,0.0,0.0,0.0,0.0,0.0,0.0,0.0,0.0,1.0,0.0,0.0,1600.0,2020.0,1,1,0,1,0,0,1,1,1,0,0,0,1,0,1
988.0,0.0,0.0,0.0,1.0,0.0,0.0,0.0,0.0,0.0,0.0,0.0,0.0,0.0,0.0,1.0,0.0,0.0,0.0,0.0,0.0,1832.0,2020.0,0,0,0,1,1,0,0,1,1,0,0,0,0,0,1
989.0,0.0,0.0,0.0,0.0,0.0,0.0,0.0,0.0,0.0,0.0,0.0,0.0,0.0,1.0,0.0,0.0,0.0,0.0,0.0,0.0,1928.0,2020.0,1,0,1,1,1,0,1,1,1,0,1,0,0,0,1
993.0,0.0,0.0,0.0,0.0,0.0,0.0,0.0,0.0,0.0,0.0,0.0,0.0,0.0,1.0,0.0,0.0,0.0,0.0,0.0,0.0,-712.0,380.0,1,1,1,1,1,0,1,1,1,1,0,1,0,1,1
995.0,0.0,0.0,0.0,0.0,0.0,0.0,0.0,1.0,0.0,0.0,0.0,0.0,0.0,0.0,0.0,0.0,0.0,1.0,0.0,0.0,1841.0,2020.0,1,0,1,1,0,1,1,1,1,0,1,0,0,0,0
997.0,0.0,0.0,0.0,0.0,0.0,0.0,0.0,0.0,1.0,0.0,1.0,0.0,0.0,0.0,0.0,0.0,0.0,0.0,0.0,0.0,-2950.0,-2670.0,1,1,1,0,1,0,1,1,0,0,1,0,1,1,1
1006.0,0.0,0.0,0.0,0.0,0.0,0.0,0.0,0.0,1.0,0.0,1.0,0.0,0.0,0.0,0.0,0.0,0.0,0.0,0.0,0.0,-2670.0,-2168.0,1,1,1,1,1,0,1,1,0,0,1,0,1,1,1
1008.0,0.0,0.0,0.0,0.0,0.0,0.0,0.0,0.0,1.0,0.0,1.0,0.0,0.0,0.0,0.0,0.0,0.0,0.0,0.0,0.0,-2168.0,-2010.0,1,1,1,0,1,0,1,1,0,0,1,0,1,1,1
1013.0,0.0,0.0,0.0,1.0,1.0,0.0,0.0,1.0,0.0,0.0,0.0,0.0,0.0,0.0,0.0,0.0,0.0,1.0,0.0,0.0,1510.0,1640.0,0,0,0,1,0,0,0,1,1,0,1,0,0,0,1
1037.0,0.0,0.0,0.0,0.0,0.0,0.0,0.0,0.0,1.0,0.0,1.0,0.0,0.0,0.0,0.0,0.0,0.0,0.0,0.0,0.0,-1100.0,-650.0,1,1,1,1,1,0,1,1,1,0,1,0,1,1,1
1038.0,1.0,0.0,0.0,0.0,0.0,0.0,0.0,0.0,0.0,0.0,0.0,0.0,1.0,0.0,0.0,0.0,0.0,0.0,0.0,0.0,1644.0,1911.0,1,0,1,1,1,0,1,1,1,0,1,0,0,1,1
1041.0,0.0,0.0,0.0,1.0,0.0,0.0,0.0,0.0,0.0,1.0,0.0,0.0,1.0,0.0,0.0,0.0,0.0,0.0,0.0,0.0,1600.0,2021.0,1,0,1,1,1,0,1,1,1,1,1,0,0,1,1
1069.0,0.0,0.0,0.0,0.0,0.0,0.0,0.0,0.0,0.0,0.0,1.0,0.0,0.0,0.0,0.0,0.0,0.0,0.0,0.0,0.0,-1504.0,-1069.0,1,1,1,1,1,0,1,1,1,1,1,1,1,1,1
1071.0,0.0,0.0,0.0,0.0,0.0,0.0,0.0,0.0,0.0,0.0,1.0,0.0,0.0,0.0,0.0,0.0,0.0,0.0,0.0,0.0,2001.0,2021.0,1,0,1,0,1,0,0,1,0,0,0,0,0,0,1
1076.0,0.0,0.0,0.0,1.0,0.0,0.0,0.0,0.0,0.0,0.0,0.0,0.0,0.0,0.0,0.0,0.0,0.0,1.0,0.0,0.0,1560.0,1773.0,1,1,1,1,1,0,1,1,1,1,1,1,0,1,1
1083.0,0.0,1.0,0.0,0.0,0.0,0.0,0.0,0.0,0.0,0.0,0.0,0.0,0.0,0.0,0.0,0.0,0.0,1.0,0.0,0.0,1625.0,2021.0,1,1,1,1,1,1,1,1,0,0,1,0,1,0,1
1087.0,0.0,0.0,0.0,1.0,0.0,0.0,0.0,0.0,0.0,0.0,0.0,0.0,0.0,1.0,0.0,0.0,0.0,0.0,0.0,0.0,969.0,1400.0,0,1,0,1,1,0,1,1,1,0,1,0,0,0,1
1125.0,0.0,0.0,0.0,0.0,0.0,0.0,0.0,0.0,1.0,0.0,1.0,0.0,0.0,0.0,0.0,0.0,0.0,0.0,0.0,0.0,-1292.0,-1070.0,1,1,1,1,1,0,1,1,1,1,1,1,1,1,1
1127.0,0.0,0.0,0.0,0.0,0.0,0.0,0.0,0.0,0.0,1.0,0.0,0.0,1.0,0.0,0.0,0.0,0.0,0.0,0.0,0.0,1890.0,2021.0,1,0,1,1,1,0,0,1,1,0,0,0,0,0,1
1134.0,1.0,0.0,0.0,0.0,0.0,0.0,0.0,0.0,0.0,0.0,0.0,0.0,1.0,0.0,0.0,0.0,0.0,0.0,0.0,0.0,538.0,2022.0,1,1,1,1,1,1,1,0,1,0,0,0,0,0,0
1136.0,1.0,1.0,0.0,0.0,0.0,0.0,0.0,0.0,0.0,0.0,0.0,0.0,1.0,0.0,0.0,0.0,0.0,0.0,0.0,0.0,1910.0,1951.0,0,1,0,1,0,0,0,1,0,0,0,0,0,0,1
1140.0,1.0,0.0,0.0,0.0,0.0,0.0,0.0,0.0,0.0,0.0,0.0,0.0,1.0,0.0,0.0,0.0,0.0,0.0,0.0,0.0,220.0,589.0,1,1,1,1,1,0,1,1,1,0,1,0,0,0,1
1154.0,1.0,0.0,0.0,0.0,0.0,0.0,0.0,0.0,0.0,0.0,0.0,0.0,1.0,0.0,0.0,0.0,0.0,0.0,0.0,0.0,1500.0,1950.0,0,0,0,1,0,0,0,1,0,0,0,0,0,0,1
1178.0,0.0,0.0,0.0,0.0,0.0,0.0,0.0,0.0,0.0,0.0,0.0,0.0,0.0,0.0,0.0,0.0,1.0,0.0,0.0,0.0,1997.0,2021.0,0,0,0,0,1,1,0,1,1,0,0,0,0,0,1
1180.0,0.0,0.0,0.0,0.0,0.0,0.0,0.0,1.0,0.0,0.0,0.0,0.0,0.0,0.0,0.0,0.0,0.0,0.0,1.0,0.0,1600.0,2020.0,1,0,1,1,1,1,1,1,1,0,1,0,1,0,1
1192.0,0.0,0.0,0.0,0.0,0.0,0.0,0.0,0.0,0.0,0.0,0.0,0.0,0.0,0.0,0.0,0.0,0.0,0.0,1.0,0.0,1945.0,2021.0,1,1,1,1,1,0,1,1,1,1,1,0,1,0,1
1229.0,1.0,0.0,0.0,1.0,0.0,0.0,0.0,0.0,0.0,0.0,0.0,1.0,0.0,0.0,0.0,0.0,0.0,0.0,0.0,0.0,1950.0,2021.0,1,1,0,1,1,0,0,1,1,0,0,0,0,0,1
1248.0,0.0,0.0,0.0,0.0,0.0,0.0,0.0,0.0,0.0,0.0,0.0,0.0,0.0,0.0,0.0,0.0,0.0,0.0,0.0,1.0,-1972.0,-1718.0,1,1,1,0,1,0,1,1,1,1,1,1,1,1,1
1259.0,0.0,0.0,0.0,0.0,0.0,0.0,0.0,0.0,0.0,0.0,0.0,1.0,0.0,0.0,0.0,0.0,0.0,0.0,0.0,0.0,1200.0,1900.0,1,1,1,1,1,0,0,1,1,0,0,0,0,0,1
1293.0,0.0,0.0,0.0,0.0,0.0,0.0,0.0,0.0,0.0,0.0,0.0,0.0,0.0,0.0,1.0,0.0,0.0,0.0,0.0,0.0,-2000.0,2022.0,1,1,1,1,1,0,1,1,1,0,1,0,0,1,1
1304.0,0.0,0.0,0.0,0.0,0.0,1.0,0.0,0.0,0.0,0.0,0.0,0.0,0.0,0.0,1.0,0.0,0.0,0.0,0.0,0.0,1875.0,2022.0,0,0,0,1,0,0,0,0,1,0,0,0,0,0,0
1307.0,0.0,0.0,0.0,1.0,0.0,0.0,0.0,0.0,0.0,0.0,0.0,0.0,0.0,0.0,1.0,0.0,0.0,0.0,0.0,0.0,1845.0,2022.0,0,0,0,1,1,0,0,1,1,0,0,0,0,0,1
1311.0,0.0,0.0,0.0,0.0,0.0,0.0,0.0,0.0,0.0,0.0,0.0,0.0,0.0,0.0,1.0,0.0,0.0,0.0,0.0,0.0,1870.0,2022.0,0,0,0,1,1,0,0,1,1,1,0,0,0,0,1
1319.0,0.0,0.0,0.0,0.0,0.0,0.0,0.0,0.0,0.0,0.0,0.0,0.0,0.0,0.0,1.0,0.0,0.0,0.0,0.0,0.0,1968.0,2022.0,1,0,1,1,1,1,0,0,1,0,0,0,0,0,0
1321.0,0.0,0.0,0.0,0.0,0.0,0.0,0.0,0.0,0.0,0.0,1.0,0.0,0.0,0.0,0.0,0.0,0.0,0.0,0.0,0.0,1853.0,2022.0,1,0,0,1,1,0,1,1,1,1,1,1,0,1,1
1322.0,0.0,0.0,0.0,0.0,0.0,0.0,0.0,0.0,0.0,0.0,0.0,0.0,0.0,1.0,0.0,0.0,0.0,0.0,0.0,0.0,361.0,363.0,1,1,1,0,1,0,0,1,1,0,0,0,0,0,1
1334.0,0.0,0.0,0.0,0.0,0.0,0.0,0.0,0.0,0.0,0.0,0.0,0.0,0.0,0.0,1.0,0.0,0.0,0.0,0.0,0.0,1980.0,2022.0,0,0,0,1,1,0,0,1,1,0,0,0,0,0,1
1335.0,0.0,0.0,0.0,0.0,0.0,0.0,0.0,0.0,0.0,0.0,0.0,0.0,0.0,1.0,0.0,0.0,0.0,0.0,0.0,0.0,1575.0,1700.0,0,0,0,1,1,0,1,1,1,0,0,0,0,0,0
1340.0,0.0,0.0,0.0,0.0,0.0,0.0,0.0,0.0,0.0,0.0,0.0,0.0,0.0,1.0,0.0,0.0,0.0,0.0,0.0,0.0,1957.0,2023.0,0,1,0,1,1,1,1,0,1,0,0,0,0,0,0
1341.0,0.0,0.0,0.0,0.0,1.0,0.0,0.0,0.0,0.0,0.0,0.0,0.0,0.0,0.0,1.0,0.0,0.0,0.0,0.0,0.0,1960.0,2022.0,0,0,0,1,1,0,1,1,1,0,1,0,0,0,1
1344.0,0.0,1.0,0.0,0.0,0.0,0.0,0.0,0.0,0.0,0.0,0.0,0.0,1.0,0.0,0.0,0.0,0.0,0.0,0.0,0.0,1840.0,1920.0,1,1,1,1,1,1,1,1,0,0,0,0,0,0,1
1348.0,0.0,0.0,0.0,1.0,0.0,0.0,0.0,0.0,0.0,1.0,0.0,0.0,0.0,0.0,0.0,0.0,0.0,0.0,0.0,1.0,2012.0,2022.0,0,0,0,1,1,0,0,1,1,0,0,0,0,0,1
1352.0,0.0,0.0,0.0,0.0,0.0,0.0,0.0,0.0,0.0,0.0,0.0,0.0,0.0,0.0,0.0,0.0,0.0,1.0,0.0,0.0,2.0,21.0,1,0,0,1,0,1,1,1,1,0,1,0,0,0,0
1371.0,0.0,0.0,0.0,0.0,1.0,0.0,0.0,0.0,0.0,1.0,0.0,0.0,0.0,0.0,0.0,0.0,0.0,0.0,0.0,1.0,1979.0,2022.0,1,1,1,1,1,0,1,1,1,0,0,0,0,0,1
1374.0,0.0,0.0,0.0,1.0,0.0,0.0,0.0,0.0,0.0,1.0,0.0,0.0,0.0,1.0,0.0,0.0,0.0,0.0,0.0,0.0,1560.0,1620.0,1,1,1,1,1,0,1,1,1,0,1,0,0,0,1
1386.0,1.0,0.0,0.0,0.0,0.0,0.0,0.0,0.0,0.0,0.0,0.0,0.0,1.0,0.0,0.0,0.0,0.0,0.0,0.0,0.0,1807.0,1950.0,1,0,1,1,1,1,0,1,1,0,0,0,0,0,1
1396.0,0.0,0.0,0.0,0.0,0.0,0.0,0.0,0.0,1.0,0.0,1.0,0.0,0.0,0.0,0.0,0.0,0.0,0.0,0.0,0.0,-304.0,-30.0,1,1,1,1,1,0,1,0,1,1,0,0,1,1,1
1412.0,0.0,0.0,0.0,0.0,0.0,0.0,0.0,0.0,0.0,0.0,0.0,1.0,0.0,0.0,0.0,0.0,0.0,0.0,0.0,0.0,1838.0,2022.0,0,0,0,1,1,0,0,0,1,0,0,0,0,0,0
1415.0,0.0,0.0,0.0,1.0,0.0,0.0,0.0,0.0,0.0,0.0,0.0,0.0,0.0,1.0,0.0,0.0,0.0,0.0,0.0,0.0,350.0,398.0,1,1,0,1,1,0,0,0,1,0,0,0,0,1,1
1419.0,0.0,0.0,0.0,0.0,0.0,0.0,0.0,0.0,1.0,0.0,1.0,0.0,0.0,0.0,0.0,0.0,0.0,0.0,0.0,0.0,-1550.0,-1425.0,1,1,1,1,1,0,1,1,1,0,1,0,1,1,1
1441.0,0.0,0.0,0.0,0.0,0.0,0.0,0.0,0.0,0.0,0.0,0.0,0.0,0.0,0.0,1.0,0.0,0.0,0.0,0.0,0.0,1325.0,1521.0,1,1,1,1,1,0,1,1,0,0,1,0,1,0,1
1522.0,0.0,0.0,1.0,0.0,1.0,0.0,0.0,0.0,0.0,0.0,1.0,0.0,0.0,0.0,0.0,0.0,0.0,0.0,0.0,0.0,1781.0,2022.0,1,1,1,1,1,0,1,1,1,0,0,0,0,0,1
1544.0,0.0,0.0,0.0,1.0,0.0,0.0,0.0,0.0,0.0,0.0,0.0,0.0,0.0,1.0,0.0,0.0,0.0,0.0,0.0,0.0,1596.0,2022.0,1,1,1,1,1,0,1,1,1,1,1,0,0,0,1
1555.0,0.0,0.0,1.0,0.0,1.0,0.0,0.0,0.0,0.0,0.0,0.0,0.0,0.0,0.0,0.0,0.0,0.0,0.0,0.0,1.0,1970.0,2022.0,0,1,0,1,1,0,0,1,1,0,0,1,0,1,1
1607.0,0.0,0.0,0.0,0.0,1.0,0.0,0.0,0.0,0.0,0.0,0.0,0.0,0.0,0.0,0.0,0.0,0.0,0.0,0.0,1.0,897.0,1700.0,1,1,1,1,1,0,1,1,1,1,1,1,0,1,1
1627.0,1.0,1.0,0.0,0.0,0.0,0.0,0.0,0.0,0.0,0.0,0.0,0.0,0.0,0.0,1.0,0.0,0.0,0.0,0.0,0.0,1978.0,2023.0,1,1,1,1,0,1,1,1,0,0,0,0,0,0,1
1654.0,0.0,0.0,1.0,0.0,1.0,0.0,0.0,0.0,0.0,0.0,1.0,0.0,0.0,0.0,0.0,0.0,0.0,0.0,0.0,0.0,1981.0,2023.0,0,1,0,0,1,0,0,1,1,0,0,0,0,1,1
1677.0,0.0,0.0,0.0,0.0,0.0,0.0,0.0,0.0,0.0,0.0,0.0,0.0,0.0,0.0,0.0,0.0,0.0,0.0,0.0,1.0,-1650.0,-1180.0,1,1,1,0,1,0,1,1,1,0,1,0,1,1,1
1689.0,0.0,0.0,0.0,0.0,1.0,0.0,0.0,0.0,0.0,1.0,0.0,0.0,0.0,0.0,0.0,0.0,0.0,0.0,0.0,1.0,1516.0,1919.0,1,0,1,1,1,0,1,1,1,0,1,0,0,0,1
1701.0,0.0,0.0,0.0,0.0,0.0,0.0,0.0,0.0,0.0,0.0,0.0,0.0,0.0,1.0,0.0,0.0,0.0,0.0,0.0,0.0,1120.0,2023.0,1,1,1,1,1,0,1,1,1,0,1,0,0,0,1
1708.0,0.0,0.0,0.0,0.0,1.0,0.0,0.0,0.0,0.0,0.0,0.0,0.0,0.0,0.0,0.0,0.0,0.0,0.0,0.0,1.0,708.0,2023.0,1,0,0,1,0,0,1,1,1,0,1,0,0,0,1
1737.0,0.0,0.0,0.0,0.0,1.0,0.0,0.0,0.0,0.0,1.0,0.0,0.0,0.0,0.0,0.0,0.0,0.0,0.0,0.0,1.0,661.0,2023.0,1,1,1,1,1,0,1,1,1,0,0,0,0,0,1
1741.0,0.0,0.0,0.0,0.0,0.0,0.0,0.0,0.0,0.0,0.0,1.0,0.0,0.0,0.0,0.0,0.0,0.0,0.0,0.0,0.0,1891.0,2023.0,1,1,1,1,1,0,1,1,1,0,1,0,0,1,1
1759.0,0.0,0.0,0.0,0.0,1.0,0.0,0.0,0.0,0.0,1.0,1.0,0.0,0.0,0.0,0.0,0.0,0.0,0.0,0.0,0.0,1195.0,2023.0,1,1,1,1,1,0,1,1,1,0,0,0,0,0,1
1774.0,0.0,0.0,0.0,0.0,0.0,0.0,0.0,0.0,0.0,0.0,1.0,0.0,0.0,0.0,0.0,0.0,0.0,0.0,0.0,0.0,1557.0,1864.0,1,0,1,1,0,0,1,1,1,0,0,0,0,0,1
1776.0,0.0,0.0,0.0,0.0,0.0,0.0,0.0,0.0,0.0,0.0,1.0,0.0,0.0,0.0,0.0,0.0,0.0,0.0,0.0,0.0,1881.0,1939.0,1,1,1,1,1,0,1,1,1,0,1,0,0,0,1
1777.0,0.0,0.0,0.0,0.0,1.0,0.0,0.0,0.0,0.0,0.0,1.0,0.0,0.0,0.0,0.0,0.0,0.0,0.0,0.0,0.0,1881.0,1939.0,1,1,1,1,1,0,0,1,1,0,1,0,0,0,1
1779.0,0.0,0.0,0.0,0.0,1.0,0.0,0.0,0.0,0.0,0.0,1.0,0.0,0.0,0.0,0.0,0.0,0.0,0.0,0.0,0.0,1956.0,2023.0,1,1,1,1,1,0,1,1,1,1,1,0,0,0,1
1780.0,0.0,0.0,0.0,0.0,0.0,0.0,0.0,0.0,0.0,0.0,1.0,0.0,0.0,0.0,0.0,0.0,0.0,0.0,0.0,0.0,1881.0,1939.0,1,0,1,1,1,0,1,1,1,0,1,0,0,0,1
1781.0,0.0,0.0,0.0,0.0,0.0,0.0,0.0,0.0,0.0,0.0,1.0,0.0,0.0,0.0,0.0,0.0,0.0,0.0,0.0,0.0,1969.0,2023.0,1,0,1,1,1,0,0,1,0,0,0,0,0,0,1
1791.0,0.0,0.0,0.0,0.0,1.0,0.0,0.0,0.0,0.0,1.0,0.0,0.0,0.0,0.0,0.0,0.0,0.0,0.0,0.0,1.0,1100.0,1200.0,0,0,0,1,0,0,1,1,1,0,0,0,0,0,1
1806.0,0.0,0.0,0.0,0.0,0.0,0.0,0.0,0.0,0.0,0.0,1.0,0.0,0.0,0.0,0.0,0.0,0.0,0.0,0.0,0.0,1800.0,1900.0,1,1,1,1,1,0,1,1,0,0,1,1,1,1,1
1820.0,0.0,0.0,0.0,0.0,0.0,0.0,0.0,0.0,0.0,0.0,1.0,0.0,0.0,0.0,0.0,0.0,0.0,0.0,0.0,0.0,1980.0,2019.0,0,0,0,1,0,0,0,1,1,0,0,0,0,0,1
1829.0,0.0,0.0,0.0,0.0,0.0,0.0,0.0,0.0,0.0,0.0,1.0,0.0,0.0,0.0,0.0,0.0,0.0,0.0,0.0,0.0,1986.0,2019.0,1,0,1,1,0,0,0,1,1,0,0,0,0,0,1
1835.0,0.0,0.0,0.0,0.0,0.0,0.0,0.0,0.0,0.0,0.0,1.0,0.0,0.0,0.0,0.0,0.0,0.0,0.0,0.0,0.0,1948.0,2023.0,1,0,1,1,1,0,0,1,1,0,1,1,0,0,1
1869.0,0.0,0.0,0.0,0.0,0.0,0.0,0.0,0.0,1.0,0.0,1.0,0.0,0.0,0.0,0.0,0.0,0.0,0.0,0.0,0.0,1930.0,2015.0,1,0,1,1,1,1,1,1,1,0,1,0,0,0,1
1872.0,0.0,0.0,0.0,0.0,0.0,0.0,0.0,0.0,0.0,0.0,1.0,0.0,0.0,0.0,0.0,0.0,0.0,0.0,0.0,0.0,1947.0,2023.0,1,0,1,1,1,0,0,1,1,0,1,1,0,0,1
1897.0,0.0,0.0,0.0,0.0,0.0,0.0,0.0,0.0,0.0,0.0,1.0,0.0,0.0,0.0,0.0,0.0,0.0,0.0,0.0,0.0,1951.0,2023.0,1,0,1,1,1,0,1,1,1,0,1,1,0,0,1
1903.0,0.0,1.0,0.0,0.0,1.0,0.0,0.0,0.0,0.0,0.0,0.0,0.0,0.0,0.0,0.0,0.0,0.0,0.0,0.0,1.0,750.0,1258.0,1,1,1,1,1,0,1,1,1,1,1,0,1,1,1
1904.0,0.0,0.0,0.0,0.0,1.0,0.0,0.0,0.0,0.0,1.0,1.0,0.0,0.0,0.0,0.0,0.0,0.0,0.0,0.0,0.0,1800.0,2000.0,1,0,1,1,0,0,1,1,1,0,1,0,0,0,1
1918.0,1.0,0.0,0.0,0.0,0.0,0.0,0.0,0.0,0.0,0.0,0.0,0.0,1.0,0.0,0.0,0.0,0.0,0.0,0.0,0.0,1950.0,2023.0,0,0,0,1,1,0,0,0,0,0,0,0,0,0,0
1928.0,0.0,0.0,0.0,0.0,1.0,0.0,0.0,0.0,0.0,0.0,1.0,0.0,0.0,0.0,0.0,0.0,0.0,0.0,0.0,0.0,1793.0,1864.0,0,1,0,1,1,0,0,1,1,0,1,0,0,0,1
1940.0,0.0,0.0,0.0,0.0,0.0,0.0,0.0,0.0,0.0,0.0,1.0,0.0,0.0,0.0,0.0,0.0,0.0,0.0,0.0,0.0,1950.0,2023.0,1,0,1,1,1,0,0,1,1,0,0,0,0,0,1
1943.0,0.0,0.0,0.0,0.0,0.0,0.0,1.0,0.0,0.0,0.0,0.0,0.0,0.0,0.0,0.0,0.0,1.0,0.0,0.0,0.0,1990.0,2020.0,1,0,1,0,1,1,0,1,1,0,0,0,0,0,1
1958.0,0.0,0.0,0.0,0.0,0.0,0.0,0.0,0.0,0.0,0.0,1.0,0.0,0.0,0.0,0.0,0.0,0.0,0.0,0.0,0.0,1915.0,2018.0,0,0,0,1,1,1,1,0,1,0,1,0,0,0,0
1961.0,0.0,0.0,0.0,0.0,0.0,0.0,0.0,0.0,0.0,0.0,1.0,0.0,0.0,0.0,0.0,0.0,0.0,0.0,0.0,0.0,1990.0,2023.0,0,0,0,1,1,0,0,1,1,0,0,0,0,0,1
1966.0,0.0,0.0,0.0,0.0,0.0,0.0,0.0,0.0,1.0,0.0,1.0,0.0,0.0,0.0,0.0,0.0,0.0,0.0,0.0,0.0,1972.0,2023.0,1,0,1,1,1,0,1,1,1,0,1,0,0,0,1
1972.0,0.0,0.0,0.0,0.0,0.0,0.0,0.0,0.0,0.0,0.0,0.0,0.0,0.0,0.0,1.0,0.0,0.0,0.0,0.0,0.0,1970.0,2000.0,0,0,0,1,1,0,1,1,1,0,0,0,0,0,1
1974.0,0.0,0.0,0.0,0.0,0.0,0.0,0.0,0.0,0.0,0.0,1.0,0.0,0.0,0.0,0.0,0.0,0.0,0.0,0.0,0.0,1989.0,2023.0,0,0,0,1,1,0,0,1,1,0,0,0,0,0,1
1978.0,1.0,1.0,0.0,0.0,0.0,0.0,0.0,0.0,0.0,0.0,0.0,0.0,1.0,0.0,0.0,0.0,0.0,0.0,0.0,0.0,1965.0,2023.0,0,0,0,1,1,1,0,0,0,0,0,0,0,0,0
1985.0,0.0,0.0,1.0,1.0,0.0,0.0,0.0,0.0,0.0,0.0,0.0,0.0,0.0,0.0,0.0,0.0,0.0,0.0,0.0,1.0,34.0,638.0,1,1,1,1,1,0,0,0,1,0,0,0,0,1,1
1989.0,0.0,0.0,0.0,0.0,0.0,0.0,0.0,0.0,0.0,0.0,0.0,0.0,0.0,1.0,0.0,0.0,0.0,0.0,0.0,0.0,-600.0,300.0,1,1,1,1,1,0,1,1,0,0,1,0,1,1,1
1994.0,0.0,0.0,0.0,0.0,0.0,0.0,0.0,0.0,0.0,0.0,1.0,0.0,0.0,0.0,0.0,0.0,0.0,0.0,0.0,0.0,1968.0,2023.0,0,0,0,1,1,0,0,1,1,0,0,0,0,0,1
2000.0,0.0,0.0,0.0,0.0,0.0,0.0,0.0,0.0,0.0,0.0,1.0,0.0,0.0,0.0,0.0,0.0,0.0,0.0,0.0,0.0,1933.0,2023.0,0,0,0,1,1,0,0,1,1,0,0,0,0,0,1
2003.0,0.0,0.0,0.0,0.0,0.0,0.0,0.0,0.0,0.0,0.0,1.0,0.0,0.0,0.0,0.0,0.0,0.0,0.0,0.0,0.0,1914.0,2023.0,1,0,1,1,1,0,1,1,1,0,1,0,0,0,1
2006.0,0.0,0.0,0.0,0.0,0.0,0.0,0.0,0.0,0.0,0.0,1.0,0.0,0.0,0.0,0.0,0.0,0.0,0.0,0.0,0.0,1972.0,2023.0,0,0,0,1,1,0,0,1,1,0,0,0,0,0,1
2010.0,0.0,0.0,0.0,0.0,1.0,0.0,0.0,0.0,0.0,0.0,0.0,0.0,0.0,1.0,0.0,0.0,0.0,0.0,0.0,0.0,1240.0,2023.0,1,1,1,1,1,1,1,1,1,1,1,1,0,0,1
2011.0,0.0,0.0,0.0,0.0,0.0,0.0,0.0,0.0,0.0,0.0,1.0,0.0,0.0,0.0,0.0,0.0,0.0,0.0,0.0,0.0,1885.0,2023.0,0,0,0,1,1,0,0,1,1,0,0,0,0,0,1
2021.0,0.0,0.0,0.0,0.0,0.0,0.0,0.0,0.0,0.0,0.0,1.0,0.0,0.0,0.0,0.0,0.0,0.0,0.0,0.0,0.0,1905.0,2023.0,1,1,1,1,1,0,1,1,1,0,1,0,0,0,1
2023.0,0.0,0.0,1.0,0.0,1.0,0.0,0.0,0.0,0.0,0.0,1.0,0.0,0.0,0.0,0.0,0.0,0.0,0.0,0.0,0.0,971.0,1152.0,1,1,1,1,1,0,1,1,1,1,1,1,0,1,1
2027.0,0.0,0.0,1.0,0.0,1.0,0.0,0.0,0.0,0.0,0.0,0.0,0.0,0.0,1.0,0.0,0.0,0.0,0.0,0.0,0.0,1953.0,2023.0,0,0,0,1,1,0,0,1,1,1,1,0,0,0,1
2031.0,0.0,0.0,1.0,0.0,1.0,0.0,0.0,0.0,0.0,0.0,1.0,0.0,0.0,0.0,0.0,0.0,0.0,0.0,0.0,0.0,800.0,909.0,1,1,1,1,0,0,1,1,1,1,1,1,0,1,1
2051.0,0.0,1.0,0.0,0.0,0.0,0.0,0.0,0.0,0.0,0.0,0.0,0.0,0.0,0.0,0.0,0.0,0.0,0.0,1.0,0.0,2022.0,2024.0,0,1,0,1,1,1,0,1,1,0,0,0,0,0,1
2052.0,0.0,0.0,0.0,0.0,0.0,0.0,0.0,0.0,0.0,0.0,1.0,0.0,0.0,0.0,0.0,0.0,0.0,0.0,0.0,0.0,1992.0,2023.0,1,0,0,1,1,0,1,1,1,0,1,1,0,0,1
2054.0,0.0,0.0,0.0,0.0,0.0,0.0,0.0,0.0,0.0,0.0,1.0,0.0,0.0,0.0,0.0,0.0,0.0,0.0,0.0,0.0,1918.0,2023.0,0,0,0,1,1,0,0,1,1,0,0,0,0,0,1
2061.0,0.0,0.0,0.0,0.0,0.0,0.0,0.0,0.0,0.0,0.0,1.0,0.0,0.0,0.0,0.0,0.0,0.0,0.0,0.0,0.0,1800.0,1900.0,1,0,0,1,1,1,1,1,1,0,1,0,0,0,1
2069.0,0.0,0.0,1.0,0.0,1.0,0.0,0.0,0.0,0.0,0.0,1.0,0.0,0.0,0.0,0.0,0.0,0.0,0.0,0.0,0.0,1969.0,2022.0,1,1,1,1,1,0,0,1,1,0,0,0,0,0,1
2070.0,0.0,0.0,0.0,0.0,0.0,0.0,0.0,0.0,0.0,1.0,1.0,0.0,0.0,0.0,0.0,0.0,0.0,0.0,0.0,0.0,2003.0,2018.0,1,0,1,1,1,0,0,1,1,0,0,0,0,0,1
2074.0,0.0,0.0,1.0,0.0,0.0,0.0,0.0,0.0,1.0,0.0,1.0,0.0,0.0,0.0,0.0,0.0,0.0,0.0,0.0,0.0,1905.0,1906.0,0,1,0,1,1,0,1,1,1,1,1,0,1,1,1
2089.0,0.0,0.0,1.0,0.0,1.0,0.0,0.0,0.0,0.0,0.0,1.0,0.0,0.0,0.0,0.0,0.0,0.0,0.0,0.0,0.0,1974.0,2023.0,0,0,1,1,1,0,1,1,1,0,0,0,0,0,1
2104.0,0.0,0.0,1.0,0.0,1.0,0.0,0.0,0.0,0.0,1.0,1.0,0.0,0.0,0.0,0.0,0.0,0.0,0.0,0.0,0.0,1700.0,1900.0,0,0,0,1,0,0,0,1,1,0,1,0,0,0,1
2111.0,0.0,0.0,0.0,0.0,0.0,0.0,0.0,0.0,0.0,0.0,1.0,0.0,0.0,0.0,0.0,0.0,0.0,0.0,0.0,0.0,700.0,1463.0,1,1,0,0,1,0,0,1,1,0,1,0,0,1,1
2114.0,0.0,0.0,1.0,0.0,1.0,0.0,0.0,0.0,0.0,0.0,1.0,0.0,0.0,0.0,0.0,0.0,0.0,0.0,0.0,0.0,1837.0,1990.0,0,1,0,1,1,0,1,1,1,1,1,0,0,0,1
2116.0,0.0,0.0,1.0,0.0,1.0,0.0,0.0,0.0,0.0,0.0,1.0,0.0,0.0,0.0,0.0,0.0,0.0,0.0,0.0,0.0,1804.0,1923.0,0,1,0,1,1,0,0,1,1,1,1,0,0,0,1
2122.0,0.0,0.0,1.0,0.0,1.0,0.0,0.0,0.0,0.0,0.0,1.0,0.0,0.0,0.0,0.0,0.0,0.0,0.0,0.0,0.0,1978.0,2008.0,0,1,0,1,1,0,0,1,1,0,1,0,0,0,0
2126.0,0.0,0.0,1.0,0.0,1.0,0.0,0.0,0.0,0.0,0.0,1.0,0.0,0.0,0.0,0.0,0.0,0.0,0.0,0.0,0.0,1984.0,2023.0,0,0,0,1,1,0,0,1,1,0,0,0,0,0,1
2133.0,0.0,0.0,0.0,0.0,1.0,0.0,0.0,0.0,0.0,0.0,1.0,0.0,0.0,0.0,0.0,0.0,0.0,0.0,0.0,0.0,1923.0,2000.0,0,0,0,1,1,0,0,1,1,0,1,0,0,1,1
2138.0,0.0,0.0,1.0,0.0,0.0,0.0,0.0,0.0,0.0,1.0,1.0,0.0,0.0,0.0,0.0,0.0,0.0,0.0,0.0,0.0,1916.0,2024.0,1,1,1,1,1,0,1,1,1,0,1,0,0,0,1
2139.0,0.0,0.0,1.0,0.0,0.0,0.0,0.0,0.0,0.0,0.0,1.0,0.0,0.0,0.0,0.0,0.0,0.0,0.0,0.0,0.0,1980.0,2020.0,0,0,0,1,1,0,0,1,1,1,1,0,0,1,1
2147.0,0.0,0.0,1.0,0.0,1.0,0.0,0.0,0.0,0.0,0.0,1.0,0.0,0.0,0.0,0.0,0.0,0.0,0.0,0.0,0.0,1229.0,1574.0,1,1,1,1,1,0,0,1,1,1,1,1,0,1,1
2148.0,0.0,0.0,1.0,0.0,0.0,0.0,0.0,0.0,0.0,0.0,1.0,0.0,0.0,0.0,0.0,0.0,0.0,0.0,0.0,0.0,1705.0,1957.0,1,1,1,1,0,0,1,1,1,1,1,1,0,1,1
2157.0,0.0,0.0,0.0,0.0,0.0,0.0,0.0,0.0,0.0,0.0,0.0,0.0,0.0,0.0,1.0,0.0,0.0,0.0,0.0,0.0,1775.0,1815.0,0,0,0,1,1,0,0,1,1,0,0,0,0,0,1
2166.0,0.0,0.0,0.0,0.0,0.0,0.0,0.0,0.0,0.0,1.0,0.0,0.0,0.0,1.0,0.0,0.0,0.0,0.0,0.0,0.0,395.0,1453.0,1,1,1,1,1,0,1,0,1,1,1,0,1,0,1
2178.0,0.0,0.0,0.0,0.0,0.0,0.0,0.0,0.0,0.0,0.0,1.0,0.0,0.0,0.0,0.0,0.0,0.0,0.0,0.0,0.0,1918.0,2023.0,1,0,1,1,1,0,0,1,1,0,1,0,0,0,1
2180.0,0.0,0.0,0.0,0.0,0.0,0.0,0.0,0.0,0.0,0.0,0.0,0.0,0.0,0.0,1.0,0.0,0.0,0.0,0.0,0.0,1921.0,2024.0,1,1,1,1,1,1,1,1,1,0,1,0,1,0,1
2194.0,0.0,0.0,0.0,1.0,0.0,0.0,0.0,0.0,1.0,0.0,1.0,0.0,0.0,0.0,0.0,0.0,0.0,0.0,0.0,0.0,1952.0,2023.0,1,0,0,1,1,0,0,1,1,0,1,1,0,0,1
2200.0,0.0,0.0,0.0,0.0,0.0,0.0,0.0,0.0,0.0,0.0,1.0,0.0,0.0,0.0,0.0,0.0,0.0,0.0,0.0,0.0,1480.0,2024.0,1,0,1,1,1,0,1,0,1,0,1,0,0,0,1
2209.0,0.0,0.0,0.0,0.0,0.0,0.0,0.0,0.0,0.0,0.0,1.0,0.0,0.0,0.0,0.0,0.0,0.0,0.0,0.0,0.0,1842.0,2024.0,1,0,1,1,1,0,1,1,1,0,1,0,0,0,1
2210.0,0.0,0.0,0.0,0.0,0.0,0.0,0.0,0.0,0.0,0.0,1.0,0.0,0.0,0.0,0.0,0.0,0.0,0.0,0.0,0.0,1981.0,2024.0,1,0,1,1,1,0,1,1,1,0,1,1,0,0,1
2228.0,0.0,0.0,0.0,0.0,0.0,0.0,0.0,0.0,0.0,0.0,1.0,0.0,0.0,0.0,0.0,0.0,0.0,0.0,0.0,0.0,1972.0,2024.0,1,0,1,1,1,0,0,1,1,0,0,0,0,0,1
2232.0,0.0,0.0,0.0,0.0,0.0,0.0,0.0,0.0,0.0,0.0,0.0,0.0,0.0,1.0,0.0,0.0,0.0,0.0,0.0,0.0,1350.0,1500.0,0,0,0,1,1,0,0,1,1,0,0,0,0,0,1
2237.0,0.0,0.0,0.0,1.0,0.0,0.0,0.0,0.0,0.0,0.0,0.0,0.0,0.0,1.0,0.0,0.0,0.0,0.0,0.0,0.0,1217.0,2024.0,0,1,0,1,1,0,1,1,1,0,0,0,0,0,1
2238.0,0.0,0.0,1.0,0.0,1.0,0.0,0.0,0.0,0.0,1.0,1.0,0.0,0.0,0.0,0.0,0.0,0.0,0.0,0.0,0.0,1700.0,2000.0,0,1,0,1,1,0,1,1,1,0,0,0,0,0,1
2243.0,0.0,0.0,1.0,0.0,1.0,0.0,0.0,0.0,0.0,0.0,0.0,1.0,0.0,0.0,0.0,0.0,0.0,0.0,0.0,0.0,700.0,2024.0,0,1,0,1,1,0,1,1,1,0,0,0,0,0,1
2245.0,0.0,0.0,1.0,0.0,1.0,0.0,0.0,0.0,0.0,0.0,0.0,0.0,0.0,1.0,0.0,0.0,0.0,0.0,0.0,0.0,652.0,1240.0,1,1,1,1,1,0,1,1,1,1,1,1,0,1,1
2246.0,0.0,0.0,1.0,0.0,0.0,0.0,0.0,0.0,0.0,0.0,1.0,0.0,0.0,0.0,0.0,0.0,0.0,0.0,0.0,0.0,819.0,1957.0,1,1,1,1,1,0,1,1,1,1,1,0,0,1,1
2247.0,0.0,0.0,1.0,0.0,0.0,0.0,0.0,0.0,0.0,0.0,1.0,0.0,0.0,0.0,0.0,0.0,0.0,0.0,0.0,0.0,647.0,712.0,1,1,1,1,0,0,1,1,1,1,1,1,0,1,1
2248.0,0.0,0.0,1.0,0.0,0.0,0.0,0.0,0.0,0.0,0.0,1.0,0.0,0.0,0.0,0.0,0.0,0.0,0.0,0.0,0.0,1631.0,1702.0,1,1,1,1,1,0,1,1,1,1,1,1,0,1,1
2255.0,0.0,0.0,0.0,0.0,1.0,0.0,0.0,0.0,0.0,0.0,0.0,1.0,0.0,0.0,0.0,0.0,0.0,0.0,0.0,0.0,1340.0,2024.0,0,1,0,1,1,0,1,1,1,0,1,0,1,0,1
2256.0,0.0,0.0,1.0,0.0,1.0,0.0,0.0,0.0,0.0,1.0,1.0,0.0,0.0,0.0,0.0,0.0,0.0,0.0,0.0,0.0,1700.0,2000.0,0,0,1,1,1,0,0,1,1,0,0,0,0,0,1
2264.0,0.0,0.0,0.0,0.0,0.0,0.0,0.0,0.0,0.0,0.0,0.0,0.0,0.0,1.0,0.0,0.0,0.0,0.0,0.0,0.0,1560.0,1720.0,0,1,0,1,1,0,1,1,1,1,1,0,0,1,1
2271.0,0.0,0.0,0.0,0.0,0.0,0.0,0.0,0.0,0.0,0.0,1.0,0.0,0.0,0.0,0.0,0.0,0.0,0.0,0.0,0.0,1964.0,2024.0,1,0,0,1,1,0,0,1,1,0,0,0,0,0,1
2273.0,1.0,0.0,0.0,0.0,0.0,0.0,0.0,0.0,0.0,0.0,0.0,0.0,1.0,0.0,0.0,0.0,0.0,0.0,0.0,0.0,1291.0,1368.0,0,1,0,1,1,0,0,1,0,0,0,0,0,0,1
2274.0,0.0,0.0,0.0,0.0,0.0,0.0,0.0,0.0,1.0,0.0,1.0,0.0,0.0,0.0,0.0,0.0,0.0,0.0,0.0,0.0,1920.0,2023.0,1,0,1,1,1,1,1,1,1,0,1,0,0,0,1
2278.0,0.0,0.0,1.0,0.0,1.0,0.0,0.0,0.0,0.0,1.0,1.0,0.0,0.0,0.0,0.0,0.0,0.0,0.0,0.0,0.0,1700.0,2024.0,0,0,0,1,0,0,1,1,1,0,0,0,0,0,1
2279.0,0.0,0.0,0.0,0.0,0.0,0.0,0.0,0.0,1.0,0.0,1.0,0.0,0.0,0.0,0.0,0.0,0.0,0.0,0.0,0.0,1890.0,2024.0,0,0,0,1,1,0,0,1,1,1,1,0,0,0,0
2283.0,1.0,0.0,0.0,0.0,0.0,0.0,0.0,0.0,0.0,0.0,0.0,0.0,1.0,0.0,0.0,0.0,0.0,0.0,0.0,0.0,283.0,364.0,0,0,0,0,0,1,0,0,0,0,0,0,0,0,0
2284.0,0.0,0.0,0.0,0.0,0.0,0.0,0.0,0.0,0.0,0.0,0.0,0.0,0.0,0.0,1.0,0.0,0.0,0.0,0.0,0.0,1300.0,1522.0,1,1,1,0,1,0,1,1,1,1,0,0,0,1,1
2290.0,0.0,0.0,1.0,0.0,1.0,0.0,0.0,0.0,0.0,1.0,1.0,0.0,0.0,0.0,0.0,0.0,0.0,0.0,0.0,0.0,1200.0,2024.0,0,0,0,1,1,0,1,1,1,0,0,0,0,0,1
2297.0,0.0,0.0,0.0,1.0,0.0,0.0,0.0,0.0,0.0,0.0,0.0,0.0,0.0,1.0,0.0,0.0,0.0,0.0,0.0,0.0,1173.0,1699.0,0,0,0,1,1,0,1,1,1,1,0,0,1,1,1
2299.0,0.0,0.0,1.0,0.0,1.0,0.0,0.0,0.0,0.0,1.0,0.0,0.0,0.0,0.0,0.0,0.0,0.0,0.0,0.0,1.0,1100.0,1300.0,1,1,1,1,0,0,1,1,1,0,1,0,1,0,1
2308.0,0.0,0.0,1.0,0.0,0.0,0.0,0.0,0.0,0.0,0.0,0.0,0.0,0.0,1.0,0.0,0.0,0.0,0.0,0.0,0.0,711.0,726.0,1,1,1,1,1,0,1,1,1,1,1,1,1,1,1
2309.0,0.0,0.0,1.0,0.0,0.0,0.0,0.0,0.0,0.0,0.0,0.0,0.0,0.0,1.0,0.0,0.0,0.0,0.0,0.0,0.0,756.0,1031.0,1,1,1,1,1,0,1,1,1,1,1,1,1,1,1
2312.0,0.0,0.0,0.0,0.0,0.0,0.0,0.0,0.0,1.0,0.0,1.0,0.0,0.0,0.0,0.0,0.0,0.0,0.0,0.0,0.0,-1800.0,2024.0,1,1,1,0,1,1,1,1,1,0,1,0,1,1,1
2313.0,0.0,0.0,0.0,0.0,0.0,0.0,0.0,0.0,0.0,1.0,0.0,1.0,0.0,0.0,0.0,0.0,0.0,0.0,0.0,0.0,600.0,2024.0,0,0,0,1,1,0,1,1,1,0,0,0,1,0,1
2322.0,0.0,0.0,1.0,0.0,0.0,0.0,0.0,0.0,0.0,0.0,0.0,0.0,0.0,0.0,0.0,0.0,0.0,0.0,0.0,1.0,661.0,750.0,1,1,1,1,1,0,0,1,1,1,1,1,1,1,1
2327.0,0.0,0.0,0.0,0.0,0.0,0.0,0.0,0.0,1.0,0.0,1.0,0.0,0.0,0.0,0.0,0.0,0.0,0.0,0.0,0.0,1900.0,2024.0,1,0,1,1,1,0,1,1,1,0,1,0,0,0,1
2330.0,0.0,0.0,0.0,0.0,0.0,0.0,0.0,0.0,0.0,0.0,1.0,0.0,0.0,0.0,0.0,0.0,0.0,0.0,0.0,0.0,1893.0,2024.0,0,0,0,1,1,0,1,1,1,0,1,0,0,0,1
2331.0,0.0,0.0,1.0,0.0,1.0,0.0,0.0,0.0,0.0,0.0,0.0,0.0,0.0,0.0,0.0,0.0,0.0,0.0,0.0,1.0,750.0,1517.0,1,1,1,1,1,0,0,1,1,1,1,1,0,1,1
2333.0,0.0,1.0,0.0,0.0,0.0,0.0,0.0,0.0,0.0,0.0,1.0,0.0,0.0,0.0,0.0,0.0,0.0,0.0,0.0,0.0,1930.0,2024.0,0,1,0,1,0,1,1,0,0,0,0,0,0,0,0
2335.0,0.0,0.0,0.0,0.0,0.0,0.0,0.0,0.0,0.0,0.0,1.0,0.0,0.0,0.0,0.0,0.0,0.0,0.0,0.0,0.0,1914.0,2024.0,1,0,1,1,1,0,1,1,1,0,1,0,0,0,1
2337.0,0.0,0.0,0.0,0.0,0.0,0.0,0.0,0.0,0.0,0.0,0.0,0.0,0.0,0.0,0.0,0.0,1.0,0.0,0.0,0.0,1350.0,1533.0,1,1,1,0,1,1,1,0,0,0,0,0,0,0,1
2339.0,0.0,0.0,0.0,0.0,0.0,0.0,0.0,0.0,0.0,0.0,1.0,0.0,0.0,0.0,0.0,0.0,0.0,0.0,0.0,0.0,1100.0,2024.0,1,0,1,1,1,0,1,1,1,0,1,0,0,0,1
2345.0,0.0,1.0,0.0,0.0,0.0,0.0,0.0,0.0,0.0,0.0,0.0,0.0,1.0,0.0,0.0,0.0,0.0,0.0,0.0,0.0,1950.0,2024.0,1,1,1,1,1,1,1,1,0,0,1,0,1,1,1
2346.0,0.0,0.0,0.0,0.0,0.0,0.0,0.0,0.0,0.0,0.0,1.0,0.0,0.0,0.0,0.0,0.0,0.0,0.0,0.0,0.0,1800.0,2024.0,1,0,1,0,1,1,1,1,1,0,1,0,0,0,1
2347.0,0.0,0.0,0.0,0.0,0.0,0.0,0.0,0.0,0.0,0.0,1.0,0.0,0.0,0.0,0.0,0.0,0.0,0.0,0.0,0.0,1222.0,2023.0,1,0,1,1,0,1,1,0,0,0,0,0,0,0,0
2349.0,0.0,0.0,0.0,0.0,0.0,0.0,0.0,0.0,0.0,0.0,1.0,0.0,0.0,0.0,0.0,0.0,0.0,0.0,0.0,0.0,1738.0,2024.0,0,0,0,1,1,0,1,1,1,0,0,0,0,1,1
2362.0,0.0,0.0,1.0,0.0,1.0,0.0,0.0,0.0,0.0,0.0,0.0,0.0,0.0,0.0,0.0,0.0,0.0,0.0,0.0,1.0,1037.0,1194.0,1,1,1,1,1,0,1,1,1,1,1,1,1,1,1
2363.0,0.0,0.0,1.0,0.0,1.0,0.0,0.0,0.0,0.0,0.0,1.0,0.0,0.0,0.0,0.0,0.0,0.0,0.0,0.0,0.0,1940.0,2024.0,1,0,0,1,1,0,0,1,1,0,1,0,0,0,1
2365.0,0.0,0.0,1.0,0.0,1.0,0.0,0.0,0.0,0.0,0.0,1.0,0.0,0.0,0.0,0.0,0.0,0.0,0.0,0.0,0.0,1502.0,1614.0,1,0,1,1,1,0,1,1,1,0,1,0,1,0,1
2369.0,0.0,0.0,1.0,0.0,1.0,0.0,0.0,0.0,0.0,0.0,1.0,0.0,0.0,0.0,0.0,0.0,0.0,0.0,0.0,0.0,1787.0,1977.0,0,1,0,1,1,0,1,1,1,0,1,1,0,1,1
